WDCGG 000000000 1997 07 03 20 20.0 313.08
WDCGG 000000001 1997 07 11 15 15.7 313.35
WDCGG 000000002 1997 07 11 15 15.7 312.42
WDCGG 000000003 1997 07 17 17 17.4 312.72
WDCGG 000000004 1997 07 17 17 17.4 312.95
WDCGG 000000005 1997 07 24 17 17.5 312.92
WDCGG 000000006 1997 07 24 17 17.5 312.48
WDCGG 000000007 1997 07 31 17 17.9 313.37
WDCGG 000000008 1997 07 31 17 17.9 313.13
WDCGG 000000009 1997 08 04 17 17.1 313.65
WDCGG 000000010 1997 08 04 17 17.1 312.78
WDCGG 000000011 1997 08 08 16 16.5 312.46
WDCGG 000000012 1997 08 08 16 16.5 313.30
WDCGG 000000013 1997 08 14 19 19.2 312.95
WDCGG 000000014 1997 08 14 19 19.2 311.84
WDCGG 000000015 1997 08 21 19 19.0 312.55
WDCGG 000000016 1997 08 21 19 19.0 313.06
WDCGG 000000017 1997 08 28 17 17.5 312.26
WDCGG 000000018 1997 08 28 17 17.5 313.12
WDCGG 000000019 1997 09 11 16 16.8 312.98
WDCGG 000000020 1997 09 18 15 15.6 313.08
WDCGG 000000021 1997 09 25 16 16.5 313.13
WDCGG 000000022 1997 09 25 16 16.5 313.13
WDCGG 000000023 1997 10 02 17 17.1 313.25
WDCGG 000000024 1997 10 02 17 17.1 312.72
WDCGG 000000025 1997 10 09 17 17.1 313.02
WDCGG 000000026 1997 10 09 17 17.1 312.46
WDCGG 000000027 1997 10 16 14 14.6 313.04
WDCGG 000000028 1997 10 16 14 14.6 312.95
WDCGG 000000029 1997 10 23 16 16.2 312.99
WDCGG 000000030 1997 10 23 16 16.2 313.38
WDCGG 000000031 1997 10 30 15 15.6 313.00
WDCGG 000000032 1997 10 30 15 15.6 312.72
WDCGG 000000033 1997 11 06 15 15.3 313.72
WDCGG 000000034 1997 11 06 15 15.3 313.23
WDCGG 000000035 1997 11 13 17 17.4 313.96
WDCGG 000000036 1997 11 13 17 17.4 313.40
WDCGG 000000037 1997 11 20 16 16.5 313.48
WDCGG 000000038 1997 11 20 16 16.5 313.18
WDCGG 000000039 1997 11 28 15 15.6 313.55
WDCGG 000000040 1997 11 28 15 15.6 313.55
WDCGG 000000041 1997 12 04 16 16.4 313.36
WDCGG 000000042 1997 12 04 16 16.4 313.39
WDCGG 000000043 1997 12 11 16 16.2 313.90
WDCGG 000000044 1997 12 11 16 16.2 313.28
WDCGG 000000045 1997 12 18 15 15.8 313.54
WDCGG 000000046 1997 12 18 15 15.8 313.85
WDCGG 000000047 1997 12 26 18 18.8 314.16
WDCGG 000000048 1997 12 26 18 18.8 313.40
WDCGG 000000049 1998 01 02 18 18.7 314.26
WDCGG 000000050 1998 01 02 18 18.7 313.81
WDCGG 000000051 1998 01 09 17 17.8 313.83
WDCGG 000000052 1998 01 09 17 17.8 313.62
WDCGG 000000053 1998 01 16 17 17.7 313.41
WDCGG 000000054 1998 01 16 17 17.7 313.22
WDCGG 000000055 1998 01 23 16 16.4 314.30
WDCGG 000000056 1998 01 23 16 16.4 313.49
WDCGG 000000057 1998 01 29 19 19.8 314.10
WDCGG 000000058 1998 01 29 19 19.8 313.31
WDCGG 000000059 1998 02 05 16 16.7 313.79
WDCGG 000000060 1998 02 05 16 16.7 314.07
WDCGG 000000061 1998 02 19 14 14.5 313.76
WDCGG 000000062 1998 02 19 14 14.5 313.81
WDCGG 000000063 1998 02 26 14 14.3 313.76
WDCGG 000000064 1998 02 26 14 14.3 313.65
WDCGG 000000065 1998 03 05 14 14.6 313.92
WDCGG 000000066 1998 03 13 16 16.1 313.96
WDCGG 000000067 1998 03 13 16 16.1 313.33
WDCGG 000000068 1998 03 19 17 17.9 313.55
WDCGG 000000069 1998 03 19 17 17.9 313.68
WDCGG 000000070 1998 03 27 14 14.9 314.26
WDCGG 000000071 1998 03 27 14 14.9 313.88
WDCGG 000000072 1998 04 02 15 15.3 313.66
WDCGG 000000073 1998 04 02 15 15.3 313.95
WDCGG 000000074 1998 04 09 14 14.8 314.38
WDCGG 000000075 1998 04 09 14 14.8 313.98
WDCGG 000000076 1998 04 16 13 13.9 314.34
WDCGG 000000077 1998 04 16 13 13.9 314.10
WDCGG 000000078 1998 04 23 18 18.6 313.89
WDCGG 000000079 1998 04 23 18 18.6 313.48
WDCGG 000000080 1998 05 02 17 17.2 314.37
WDCGG 000000081 1998 05 02 17 17.2 313.88
WDCGG 000000082 1998 05 07 15 15.9 313.84
WDCGG 000000083 1998 05 07 15 15.9 313.75
WDCGG 000000084 1998 05 14 16 16.8 314.09
WDCGG 000000085 1998 05 14 16 16.8 314.18
WDCGG 000000086 1998 05 21 12 12.6 314.63
WDCGG 000000087 1998 05 21 12 12.6 314.42
WDCGG 000000088 1998 05 28 17 17.3 314.43
WDCGG 000000089 1998 05 28 17 17.3 313.80
WDCGG 000000090 1998 06 04 14 14.2 313.75
WDCGG 000000091 1998 06 04 14 14.2 314.16
WDCGG 000000092 1998 06 11 15 15.9 314.01
WDCGG 000000093 1998 06 18 16 16.4 313.66
WDCGG 000000094 1998 06 25 14 14.9 313.60
WDCGG 000000095 1998 06 25 14 14.9 313.85
WDCGG 000000096 1998 07 02 16 16.6 313.63
WDCGG 000000097 1998 07 02 16 16.6 313.65
WDCGG 000000098 1998 07 09 16 16.1 313.80
WDCGG 000000099 1998 07 13 15 15.6 313.34
WDCGG 000000100 1998 07 13 15 15.6 313.89
WDCGG 000000101 1998 07 23 16 16.6 313.95
WDCGG 000000102 1998 07 30 16 16.8 313.48
WDCGG 000000103 1998 07 30 16 16.8 313.11
WDCGG 000000104 1998 08 06 16 16.7 313.37
WDCGG 000000105 1998 08 06 16 16.7 313.77
WDCGG 000000106 1998 08 13 14 14.6 313.76
WDCGG 000000107 1998 08 13 14 14.6 314.31
WDCGG 000000108 1998 08 21 19 19.4 313.49
WDCGG 000000109 1998 08 21 19 19.4 313.74
WDCGG 000000110 1998 08 28 19 19.4 312.90
WDCGG 000000111 1998 08 28 19 19.4 313.53
WDCGG 000000112 1998 09 04 20 20.9 313.34
WDCGG 000000113 1998 09 04 20 20.9 313.38
WDCGG 000000114 1998 09 10 17 17.9 313.63
WDCGG 000000115 1998 09 10 17 17.9 313.17
WDCGG 000000116 1998 09 17 20 20.0 313.44
WDCGG 000000117 1998 09 17 20 20.0 313.30
WDCGG 000000118 1998 09 24 14 15.0 313.07
WDCGG 000000119 1998 09 24 14 15.0 313.54
WDCGG 000000120 1998 10 01 16 16.0 313.93
WDCGG 000000121 1998 10 01 16 16.0 313.65
WDCGG 000000122 1998 10 08 14 15.0 313.32
WDCGG 000000123 1998 10 08 14 15.0 313.21
WDCGG 000000124 1998 10 15 14 14.9 313.57
WDCGG 000000125 1998 10 15 14 14.9 313.35
WDCGG 000000126 1998 10 22 15 15.3 313.16
WDCGG 000000127 1998 10 22 15 15.3 313.01
WDCGG 000000128 1998 10 29 16 16.0 313.17
WDCGG 000000129 1998 10 30 15 15.3 313.89
WDCGG 000000130 1998 10 30 15 15.3 313.63
WDCGG 000000131 1998 11 05 20 20.3 313.82
WDCGG 000000132 1998 11 05 20 20.3 313.52
WDCGG 000000133 1998 11 12 15 15.5 314.12
WDCGG 000000134 1998 11 12 15 15.5 313.67
WDCGG 000000135 1998 11 27 18 18.3 313.86
WDCGG 000000136 1998 11 27 18 18.3 313.85
WDCGG 000000137 1998 12 03 19 19.1 314.14
WDCGG 000000138 1998 12 03 19 19.1 314.26
WDCGG 000000139 1998 12 11 16 16.3 314.61
WDCGG 000000140 1998 12 11 16 16.3 314.50
WDCGG 000000141 1998 12 17 17 17.8 314.35
WDCGG 000000142 1998 12 17 17 17.8 314.27
WDCGG 000000143 1998 12 24 15 15.2 314.48
WDCGG 000000144 1998 12 24 15 15.2 314.18
WDCGG 000000145 1998 12 31 20 20.4 314.15
WDCGG 000000146 1998 12 31 20 20.4 314.37
WDCGG 000000147 1999 01 08 19 19.6 315.07
WDCGG 000000148 1999 01 08 19 19.6 314.81
WDCGG 000000149 1999 01 14 19 19.6 314.21
WDCGG 000000150 1999 01 14 19 19.6 313.85
WDCGG 000000151 1999 01 22 18 18.7 314.80
WDCGG 000000152 1999 01 22 18 18.7 314.43
WDCGG 000000153 1999 01 22 18 18.8 314.41
WDCGG 000000154 1999 01 22 18 18.8 314.46
WDCGG 000000155 1999 01 28 18 18.4 314.40
WDCGG 000000156 1999 01 28 18 18.4 314.11
WDCGG 000000157 1999 02 04 16 16.9 314.38
WDCGG 000000158 1999 02 04 16 16.9 314.46
WDCGG 000000159 1999 02 04 17 17.1 314.18
WDCGG 000000160 1999 02 04 17 17.1 314.18
WDCGG 000000161 1999 02 12 19 19.4 314.57
WDCGG 000000162 1999 02 12 19 19.4 313.90
WDCGG 000000163 1999 02 18 18 18.2 314.72
WDCGG 000000164 1999 02 18 18 18.2 314.52
WDCGG 000000165 1999 02 25 17 17.3 314.55
WDCGG 000000166 1999 02 25 17 17.3 314.15
WDCGG 000000167 1999 03 04 17 17.4 314.04
WDCGG 000000168 1999 03 04 17 17.4 314.56
WDCGG 000000169 1999 03 11 18 18.4 315.21
WDCGG 000000170 1999 03 11 18 18.4 314.54
WDCGG 000000171 1999 03 18 19 19.6 314.25
WDCGG 000000172 1999 03 18 19 19.6 314.81
WDCGG 000000173 1999 03 29 17 17.6 314.88
WDCGG 000000174 1999 03 29 17 17.6 314.45
WDCGG 000000175 1999 04 01 16 16.6 314.07
WDCGG 000000176 1999 04 01 16 16.6 314.57
WDCGG 000000177 1999 04 09 19 20.0 314.65
WDCGG 000000178 1999 04 09 19 20.0 314.81
WDCGG 000000179 1999 04 15 15 15.3 314.80
WDCGG 000000180 1999 04 15 15 15.3 314.28
WDCGG 000000181 1999 04 22 15 15.8 314.38
WDCGG 000000182 1999 04 22 15 15.8 314.82
WDCGG 000000183 1999 04 29 17 17.1 314.69
WDCGG 000000184 1999 04 29 17 17.1 314.78
WDCGG 000000185 1999 05 07 20 20.4 314.52
WDCGG 000000186 1999 05 07 20 20.4 314.59
WDCGG 000000187 1999 05 14 20 20.2 314.45
WDCGG 000000188 1999 05 14 20 20.2 314.54
WDCGG 000000189 1999 05 20 19 19.2 315.04
WDCGG 000000190 1999 05 20 19 19.2 314.65
WDCGG 000000191 1999 05 27 15 15.3 314.48
WDCGG 000000192 1999 05 27 15 15.3 314.80
WDCGG 000000193 1999 06 03 15 15.3 314.34
WDCGG 000000194 1999 06 03 15 15.3 314.46
WDCGG 000000195 1999 06 10 16 16.7 315.07
WDCGG 000000196 1999 06 10 16 16.7 314.90
WDCGG 000000197 1999 06 18 16 16.1 314.70
WDCGG 000000198 1999 06 18 16 16.1 314.56
WDCGG 000000199 1999 06 24 15 15.6 314.05
WDCGG 000000200 1999 06 24 15 15.6 314.28
WDCGG 000000201 1999 07 01 18 18.9 314.10
WDCGG 000000202 1999 07 01 18 18.9 314.16
WDCGG 000000203 1999 07 09 16 17.0 314.35
WDCGG 000000204 1999 07 09 17 17.7 313.59
WDCGG 000000205 1999 07 09 17 17.7 313.81
WDCGG 000000206 1999 07 16 14 15.0 313.27
WDCGG 000000207 1999 07 16 14 15.0 313.52
WDCGG 000000208 1999 07 22 14 14.8 314.06
WDCGG 000000209 1999 07 22 14 14.8 313.66
WDCGG 000000210 1999 07 29 14 14.0 314.32
WDCGG 000000211 1999 07 29 14 14.0 313.92
WDCGG 000000212 1999 08 05 14 14.2 314.16
WDCGG 000000213 1999 08 05 14 14.2 314.42
WDCGG 000000214 1999 08 12 19 19.7 314.30
WDCGG 000000215 1999 08 12 19 19.7 314.20
WDCGG 000000216 1999 08 19 14 14.8 314.01
WDCGG 000000217 1999 08 19 14 14.8 314.20
WDCGG 000000218 1999 08 26 18 18.7 314.16
WDCGG 000000219 1999 08 26 18 18.7 314.39
WDCGG 000000220 1999 09 02 15 15.6 314.67
WDCGG 000000221 1999 09 02 15 15.6 314.02
WDCGG 000000222 2000 01 20 16 16.1 315.01
WDCGG 000000223 2000 01 20 16 16.1 315.33
WDCGG 000000224 2000 01 28 18 18.4 315.63
WDCGG 000000225 2000 02 10 16 16.9 315.94
WDCGG 000000226 2000 02 10 16 16.9 315.38
WDCGG 000000227 2000 02 17 16 16.8 315.98
WDCGG 000000228 2000 02 17 16 16.8 315.43
WDCGG 000000229 2000 02 24 15 15.8 315.68
WDCGG 000000230 2000 02 24 15 15.8 315.78
WDCGG 000000231 2000 03 03 15 15.3 315.89
WDCGG 000000232 2000 03 03 15 15.3 316.10
WDCGG 000000233 2000 03 09 15 15.1 315.81
WDCGG 000000234 2000 03 09 15 15.1 315.66
WDCGG 000000235 2000 03 16 17 18.0 316.05
WDCGG 000000236 2000 03 16 17 18.0 315.66
WDCGG 000000237 2000 03 30 15 15.4 315.90
WDCGG 000000238 2000 04 06 14 14.5 316.02
WDCGG 000000239 2000 04 06 14 14.5 315.23
WDCGG 000000240 2000 04 14 14 14.7 315.58
WDCGG 000000241 2000 04 14 14 14.7 316.27
WDCGG 000000242 2000 04 20 14 14.8 316.09
WDCGG 000000243 2000 04 20 14 14.8 315.97
WDCGG 000000244 2000 04 27 14 14.3 316.31
WDCGG 000000245 2000 04 27 14 14.3 316.39
WDCGG 000000246 2000 05 05 16 16.0 315.88
WDCGG 000000247 2000 05 05 16 16.0 315.83
WDCGG 000000248 2000 05 11 17 17.0 315.95
WDCGG 000000249 2000 05 11 17 17.0 316.22
WDCGG 000000250 2000 05 18 14 14.6 316.48
WDCGG 000000251 2000 05 18 14 14.6 315.83
WDCGG 000000252 2000 05 26 14 14.2 316.02
WDCGG 000000253 2000 05 26 14 14.2 316.23
WDCGG 000000254 2000 06 01 17 17.9 316.01
WDCGG 000000255 2000 06 01 17 17.9 315.84
WDCGG 000000256 2000 06 08 14 14.9 316.19
WDCGG 000000257 2000 06 08 14 14.9 316.40
WDCGG 000000258 2000 06 15 13 13.9 316.05
WDCGG 000000259 2000 06 15 13 13.9 315.81
WDCGG 000000260 2000 06 23 14 14.8 315.97
WDCGG 000000261 2000 06 23 14 14.8 315.70
WDCGG 000000262 2000 06 29 14 14.1 316.03
WDCGG 000000263 2000 06 29 14 14.1 315.78
WDCGG 000000264 2000 07 06 13 13.8 316.53
WDCGG 000000265 2000 07 06 13 13.8 316.05
WDCGG 000000266 2000 07 14 16 16.0 316.32
WDCGG 000000267 2000 07 14 16 16.0 316.15
WDCGG 000000268 2000 07 20 14 14.7 315.97
WDCGG 000000269 2000 07 20 14 14.7 315.64
WDCGG 000000270 2000 07 28 13 13.9 315.40
WDCGG 000000271 2000 07 28 13 13.9 315.18
WDCGG 000000272 2000 08 04 13 13.1 315.71
WDCGG 000000273 2000 08 04 13 13.1 315.67
WDCGG 000000274 2000 08 11 14 14.3 316.10
WDCGG 000000275 2000 08 11 14 14.3 315.76
WDCGG 000000276 2000 08 18 13 13.9 315.61
WDCGG 000000277 2000 08 18 13 13.9 315.90
WDCGG 000000278 2000 08 24 14 14.9 315.37
WDCGG 000000279 2000 08 24 14 14.9 316.20
WDCGG 000000280 2000 09 02 16 16.8 315.42
WDCGG 000000281 2000 09 02 16 16.8 315.38
WDCGG 000000282 2000 09 07 14 14.8 316.32
WDCGG 000000283 2000 09 07 14 14.8 315.69
WDCGG 000000284 2000 09 14 14 14.6 315.90
WDCGG 000000285 2000 09 14 14 14.6 315.68
WDCGG 000000286 2000 09 21 14 14.3 315.62
WDCGG 000000287 2000 09 21 14 14.3 316.03
WDCGG 000000288 2000 09 29 13 13.8 316.13
WDCGG 000000289 2000 09 29 13 13.8 316.09
WDCGG 000000290 2000 10 06 13 13.9 315.35
WDCGG 000000291 2000 10 06 13 13.9 316.50
WDCGG 000000292 2000 10 12 14 14.8 315.73
WDCGG 000000293 2000 10 12 14 14.8 315.60
WDCGG 000000294 2000 10 20 13 13.7 316.42
WDCGG 000000295 2000 10 20 13 13.7 316.38
WDCGG 000000296 2000 10 26 14 14.1 315.79
WDCGG 000000297 2000 10 26 14 14.1 315.73
WDCGG 000000298 2000 11 02 15 15.8 316.59
WDCGG 000000299 2000 11 02 15 15.8 316.04
WDCGG 000000300 2000 11 10 15 15.2 316.73
WDCGG 000000301 2000 11 10 15 15.2 315.82
WDCGG 000000302 2000 11 16 15 15.1 316.22
WDCGG 000000303 2000 11 16 15 15.1 316.39
WDCGG 000000304 2000 11 24 15 15.5 316.29
WDCGG 000000305 2000 11 24 15 15.5 316.28
WDCGG 000000306 2000 11 30 15 15.3 316.54
WDCGG 000000307 2000 11 30 15 15.3 316.28
WDCGG 000000308 2000 12 07 15 15.7 316.16
WDCGG 000000309 2000 12 07 15 15.7 316.58
WDCGG 000000310 2000 12 15 15 15.8 316.59
WDCGG 000000311 2000 12 15 15 15.8 316.67
WDCGG 000000312 2000 12 21 14 14.9 316.49
WDCGG 000000313 2000 12 21 14 14.9 316.44
WDCGG 000000314 2000 12 21 15 15.1 316.21
WDCGG 000000315 2000 12 21 15 15.1 316.46
WDCGG 000000316 2000 12 28 16 16.3 316.51
WDCGG 000000317 2001 01 04 15 15.2 316.75
WDCGG 000000318 2001 01 04 15 15.2 316.31
WDCGG 000000319 2001 01 11 17 17.5 316.32
WDCGG 000000320 2001 01 11 17 17.5 317.36
WDCGG 000000321 2001 01 18 17 17.8 316.99
WDCGG 000000322 2001 01 18 17 17.8 317.30
WDCGG 000000323 2001 01 25 18 18.2 317.26
WDCGG 000000324 2001 01 25 18 18.2 316.86
WDCGG 000000325 2001 02 01 16 16.0 316.29
WDCGG 000000326 2001 02 01 16 16.0 316.92
WDCGG 000000327 2001 02 09 18 18.5 316.49
WDCGG 000000328 2001 02 09 18 18.5 316.89
WDCGG 000000329 2001 02 15 18 18.7 316.84
WDCGG 000000330 2001 02 15 18 18.7 316.83
WDCGG 000000331 2001 02 22 15 15.8 317.25
WDCGG 000000332 2001 02 22 15 15.8 316.54
WDCGG 000000333 2001 03 01 15 15.4 316.54
WDCGG 000000334 2001 03 01 15 15.4 316.96
WDCGG 000000335 2001 03 09 19 19.6 316.84
WDCGG 000000336 2001 03 09 19 19.6 316.59
WDCGG 000000337 2001 03 15 16 16.7 317.20
WDCGG 000000338 2001 03 15 16 16.7 316.99
WDCGG 000000339 2001 03 22 15 15.9 316.62
WDCGG 000000340 2001 03 22 15 15.9 316.61
WDCGG 000000341 2001 03 29 15 15.8 317.28
WDCGG 000000342 2001 03 29 15 15.8 316.56
WDCGG 000000343 2001 04 06 14 14.6 316.82
WDCGG 000000344 2001 04 06 14 14.6 317.28
WDCGG 000000345 2001 04 12 14 14.5 317.02
WDCGG 000000346 2001 04 12 14 14.5 316.88
WDCGG 000000347 2001 04 19 14 14.1 317.46
WDCGG 000000348 2001 04 19 14 14.1 317.28
WDCGG 000000349 2001 04 26 18 18.1 317.15
WDCGG 000000350 2001 04 26 18 18.1 316.68
WDCGG 000000351 2001 05 04 14 14.4 317.35
WDCGG 000000352 2001 05 04 14 14.4 317.02
WDCGG 000000353 2001 05 04 14 14.6 316.97
WDCGG 000000354 2001 05 11 18 18.3 316.85
WDCGG 000000355 2001 05 11 18 18.3 317.04
WDCGG 000000356 2001 05 11 18 18.6 317.09
WDCGG 000000357 2001 05 11 18 18.6 317.49
WDCGG 000000358 2001 05 17 15 15.2 316.42
WDCGG 000000359 2001 05 17 15 15.2 316.47
WDCGG 000000360 2001 05 17 16 16.2 317.53
WDCGG 000000361 2001 05 17 16 16.2 316.64
WDCGG 000000362 2001 05 24 16 16.6 316.84
WDCGG 000000363 2001 05 24 16 16.6 317.20
WDCGG 000000364 2001 05 31 14 14.3 317.00
WDCGG 000000365 2001 05 31 14 14.6 316.65
WDCGG 000000366 2001 06 07 14 14.2 316.43
WDCGG 000000367 2001 06 07 14 14.4 317.61
WDCGG 000000368 2001 06 07 14 14.4 317.01
WDCGG 000000369 2001 06 14 14 14.4 316.51
WDCGG 000000370 2001 06 14 14 14.4 316.26
WDCGG 000000371 2001 06 14 14 14.6 316.42
WDCGG 000000372 2001 06 14 14 14.6 316.52
WDCGG 000000373 2001 06 22 13 13.9 316.81
WDCGG 000000374 2001 06 22 14 14.1 316.53
WDCGG 000000375 2001 06 22 14 14.1 316.53
WDCGG 000000376 2001 06 29 14 14.0 316.86
WDCGG 000000377 2001 06 29 14 14.0 316.70
WDCGG 000000378 2001 06 29 14 14.2 316.63
WDCGG 000000379 2001 06 29 14 14.2 316.45
WDCGG 000000380 2001 07 05 13 13.8 316.35
WDCGG 000000381 2001 07 05 13 13.8 316.47
WDCGG 000000382 2001 07 12 13 13.9 316.34
WDCGG 000000383 2001 07 12 13 13.9 315.87
WDCGG 000000384 2001 07 20 16 16.6 316.22
WDCGG 000000385 2001 07 20 16 16.6 316.74
WDCGG 000000386 2001 07 26 14 14.5 316.53
WDCGG 000000387 2001 07 26 14 14.5 316.47
WDCGG 000000388 2001 08 02 13 13.9 316.72
WDCGG 000000389 2001 08 02 13 13.9 316.69
WDCGG 000000390 2001 08 09 13 13.9 316.15
WDCGG 000000391 2001 08 09 13 13.9 316.35
WDCGG 000000392 2001 08 17 14 14.5 316.06
WDCGG 000000393 2001 08 17 14 14.5 315.83
WDCGG 000000394 2001 08 24 14 14.4 316.67
WDCGG 000000395 2001 08 24 14 14.4 316.36
WDCGG 000000396 2001 08 31 17 17.1 315.93
WDCGG 000000397 2001 08 31 17 17.1 316.16
WDCGG 000000398 2001 09 07 14 14.7 316.25
WDCGG 000000399 2001 09 07 14 14.7 316.53
WDCGG 000000400 2001 09 20 13 13.7 316.20
WDCGG 000000401 2001 09 20 13 13.7 316.13
WDCGG 000000402 2001 09 27 17 18.0 316.25
WDCGG 000000403 2001 09 27 17 18.0 316.71
WDCGG 000000404 2001 10 04 15 15.2 316.49
WDCGG 000000405 2001 10 04 15 15.2 317.15
WDCGG 000000406 2001 10 11 13 13.8 316.64
WDCGG 000000407 2001 10 11 13 13.8 316.55
WDCGG 000000408 2001 10 11 13 13.9 316.52
WDCGG 000000409 2001 10 11 13 13.9 316.38
WDCGG 000000410 2001 10 18 16 16.2 316.24
WDCGG 000000411 2001 10 18 16 16.2 316.46
WDCGG 000000412 2001 10 25 20 20.5 316.49
WDCGG 000000413 2001 10 25 20 20.5 316.54
WDCGG 000000414 2001 11 01 19 19.5 316.84
WDCGG 000000415 2001 11 01 19 19.5 316.74
WDCGG 000000416 2001 11 10 15 15.1 317.12
WDCGG 000000417 2001 11 10 15 15.1 316.74
WDCGG 000000418 2001 11 10 15 15.2 316.59
WDCGG 000000419 2001 11 10 15 15.2 316.72
WDCGG 000000420 2001 11 15 15 15.2 316.90
WDCGG 000000421 2001 11 15 15 15.2 316.83
WDCGG 000000422 2001 11 19 16 16.1 316.91
WDCGG 000000423 2001 11 19 16 16.1 317.54
WDCGG 000000424 2001 11 29 19 19.4 316.87
WDCGG 000000425 2001 12 06 16 16.4 317.10
WDCGG 000000426 2001 12 06 16 16.4 317.01
WDCGG 000000427 2001 12 15 19 19.8 317.49
WDCGG 000000428 2001 12 15 19 19.8 316.80
WDCGG 000000429 2001 12 21 19 19.9 316.53
WDCGG 000000430 2001 12 21 19 19.9 316.52
WDCGG 000000431 2001 12 30 17 17.8 316.96
WDCGG 000000432 2001 12 30 17 17.8 316.76
WDCGG 000000433 2002 01 04 17 17.7 316.88
WDCGG 000000434 2002 01 04 17 17.7 317.27
WDCGG 000000435 2002 01 11 17 17.1 317.30
WDCGG 000000436 2002 01 11 17 17.1 317.05
WDCGG 000000437 2002 01 18 16 16.8 317.70
WDCGG 000000438 2002 01 18 16 16.8 317.37
WDCGG 000000439 2002 01 25 16 16.7 317.40
WDCGG 000000440 2002 01 25 16 16.7 317.03
WDCGG 000000441 2002 02 01 16 16.9 317.44
WDCGG 000000442 2002 02 01 16 16.9 317.49
WDCGG 000000443 2002 02 08 18 18.3 317.43
WDCGG 000000444 2002 02 08 18 18.3 316.87
WDCGG 000000445 2002 02 14 18 18.5 317.34
WDCGG 000000446 2002 02 14 18 18.5 316.96
WDCGG 000000447 2002 02 21 17 17.5 317.20
WDCGG 000000448 2002 02 21 17 17.5 317.11
WDCGG 000000449 2002 02 28 16 16.3 317.46
WDCGG 000000450 2002 02 28 16 16.3 317.55
WDCGG 000000451 2002 03 08 20 20.5 318.14
WDCGG 000000452 2002 03 08 20 20.5 317.89
WDCGG 000000453 2002 03 14 19 19.0 317.52
WDCGG 000000454 2002 03 21 19 19.5 317.09
WDCGG 000000455 2002 03 21 19 19.5 317.86
WDCGG 000000456 2002 03 29 17 17.7 317.32
WDCGG 000000457 2002 03 29 17 17.7 317.41
WDCGG 000000458 2002 04 04 16 16.5 317.49
WDCGG 000000459 2002 04 04 16 16.5 317.22
WDCGG 000000460 2002 04 11 15 15.8 317.51
WDCGG 000000461 2002 04 11 15 15.8 317.55
WDCGG 000000462 2002 04 18 18 18.8 317.53
WDCGG 000000463 2002 04 18 18 18.8 317.28
WDCGG 000000464 2002 04 26 16 16.9 316.65
WDCGG 000000465 2002 04 26 16 16.9 317.73
WDCGG 000000466 2002 05 04 17 17.0 317.38
WDCGG 000000467 2002 05 04 17 17.0 317.55
WDCGG 000000468 2002 05 09 17 17.2 317.57
WDCGG 000000469 2002 05 09 17 17.2 317.20
WDCGG 000000470 2002 05 16 16 16.1 317.60
WDCGG 000000471 2002 05 16 16 16.1 317.30
WDCGG 000000472 2002 05 23 16 16.2 317.44
WDCGG 000000473 2002 05 23 16 16.2 317.14
WDCGG 000000474 2002 06 01 15 15.6 317.36
WDCGG 000000475 2002 06 01 15 15.6 317.25
WDCGG 000000476 2002 06 07 13 13.8 317.22
WDCGG 000000477 2002 06 07 13 13.8 317.46
WDCGG 000000478 2002 06 14 13 13.8 317.26
WDCGG 000000479 2002 06 14 13 13.8 317.17
WDCGG 000000480 2002 06 20 13 13.8 317.15
WDCGG 000000481 2002 06 20 13 13.8 316.76
WDCGG 000000482 2002 06 27 14 14.5 316.99
WDCGG 000000483 2002 06 27 14 14.5 316.98
WDCGG 000000484 2002 07 04 14 14.6 317.23
WDCGG 000000485 2002 07 04 14 14.6 317.28
WDCGG 000000486 2002 07 11 16 16.8 317.12
WDCGG 000000487 2002 07 18 14 14.1 317.03
WDCGG 000000488 2002 07 18 14 14.1 316.90
WDCGG 000000489 2002 07 25 20 20.8 316.81
WDCGG 000000490 2002 07 25 20 20.8 316.69
WDCGG 000000491 2002 08 01 14 14.4 316.94
WDCGG 000000492 2002 08 01 14 14.4 316.82
WDCGG 000000493 2002 08 01 14 14.6 316.58
WDCGG 000000494 2002 08 01 14 14.6 316.66
WDCGG 000000495 2002 08 08 17 17.6 316.91
WDCGG 000000496 2002 08 08 17 17.6 316.80
WDCGG 000000497 2002 08 15 13 13.5 316.56
WDCGG 000000498 2002 08 15 13 13.5 316.33
WDCGG 000000499 2002 08 22 13 13.6 315.95
WDCGG 000000500 2002 08 22 13 13.6 317.12
WDCGG 000000501 2002 08 30 14 14.8 316.69
WDCGG 000000502 2002 08 30 14 14.8 316.79
WDCGG 000000503 2002 09 06 17 17.3 317.48
WDCGG 000000504 2002 09 06 17 17.3 316.88
WDCGG 000000505 2002 09 12 15 15.6 317.16
WDCGG 000000506 2002 09 12 15 15.6 316.62
WDCGG 000000507 2002 09 20 17 17.5 317.13
WDCGG 000000508 2002 09 20 17 17.5 317.07
WDCGG 000000509 2002 09 27 15 15.3 316.65
WDCGG 000000510 2002 09 27 15 15.3 317.10
WDCGG 000000511 2002 10 03 15 15.0 317.05
WDCGG 000000512 2002 10 03 15 15.0 316.48
WDCGG 000000513 2002 10 10 15 15.7 316.78
WDCGG 000000514 2002 10 10 15 15.7 317.19
WDCGG 000000515 2002 10 24 16 16.0 317.10
WDCGG 000000516 2002 10 24 16 16.0 317.26
WDCGG 000000517 2002 10 31 20 20.1 316.70
WDCGG 000000518 2002 10 31 20 20.1 316.65
WDCGG 000000519 2002 11 07 15 15.9 317.54
WDCGG 000000520 2002 11 07 15 15.9 317.31
WDCGG 000000521 2002 11 14 15 15.8 317.61
WDCGG 000000522 2002 11 14 15 15.8 316.64
WDCGG 000000523 2002 11 22 15 15.4 317.13
WDCGG 000000524 2002 11 22 15 15.4 317.54
WDCGG 000000525 2002 11 29 19 19.2 317.24
WDCGG 000000526 2002 11 29 19 19.2 317.08
WDCGG 000000527 2002 12 05 16 16.1 317.68
WDCGG 000000528 2002 12 05 16 16.1 317.81
WDCGG 000000529 2002 12 12 07 7.8 317.08
WDCGG 000000530 2002 12 12 07 7.8 317.33
WDCGG 000000531 2002 12 19 15 15.7 317.33
WDCGG 000000532 2002 12 19 15 15.7 317.20
WDCGG 000000533 2002 12 26 15 15.9 317.33
WDCGG 000000534 2002 12 26 15 15.9 317.91
WDCGG 000000535 2003 01 03 16 16.6 317.48
WDCGG 000000536 2003 01 03 16 16.6 317.30
WDCGG 000000537 2003 01 10 17 17.7 317.74
WDCGG 000000538 2003 01 10 17 17.7 317.21
WDCGG 000000539 2003 01 17 16 16.4 318.39
WDCGG 000000540 2003 01 17 16 16.4 317.66
WDCGG 000000541 2003 01 24 20 20.1 317.98
WDCGG 000000542 2003 01 24 20 20.1 317.57
WDCGG 000000543 2003 01 30 18 18.9 318.08
WDCGG 000000544 2003 01 30 18 18.9 317.73
WDCGG 000000545 2003 02 13 18 18.0 318.19
WDCGG 000000546 2003 02 20 19 19.1 318.37
WDCGG 000000547 2003 02 20 19 19.1 317.61
WDCGG 000000548 2003 03 06 21 21.4 318.57
WDCGG 000000549 2003 03 14 19 19.1 317.90
WDCGG 000000550 2003 03 14 19 19.1 317.35
WDCGG 000000551 2003 03 20 17 17.3 318.15
WDCGG 000000552 2003 03 20 17 17.3 318.79
WDCGG 000000553 2003 04 03 16 16.1 318.23
WDCGG 000000554 2003 04 03 16 16.1 317.63
WDCGG 000000555 2003 04 10 18 18.8 318.37
WDCGG 000000556 2003 04 10 18 18.8 317.75
WDCGG 000000557 2003 04 18 15 15.9 318.21
WDCGG 000000558 2003 04 18 15 15.9 318.21
WDCGG 000000559 2003 04 24 07 7.2 318.24
WDCGG 000000560 2003 04 24 07 7.2 318.47
WDCGG 000000561 2003 05 01 18 18.0 318.50
WDCGG 000000562 2003 05 01 18 18.0 318.25
WDCGG 000000563 2003 05 08 16 16.2 318.52
WDCGG 000000564 2003 05 08 16 16.2 318.10
WDCGG 000000565 2003 05 15 17 17.1 318.46
WDCGG 000000566 2003 05 15 17 17.1 318.36
WDCGG 000000567 2003 05 22 16 16.5 318.25
WDCGG 000000568 2003 05 22 16 16.5 318.01
WDCGG 000000569 2003 06 05 15 15.4 317.94
WDCGG 000000570 2003 06 05 15 15.4 318.78
WDCGG 000000571 2003 06 13 15 15.5 318.00
WDCGG 000000572 2003 06 13 15 15.5 318.21
WDCGG 000000573 2003 06 19 15 16.0 317.94
WDCGG 000000574 2003 06 19 15 16.0 318.51
WDCGG 000000575 2003 06 26 14 15.0 318.36
WDCGG 000000576 2003 06 26 14 15.0 317.91
WDCGG 000000577 2003 07 03 16 16.2 318.04
WDCGG 000000578 2003 07 03 16 16.2 317.51
WDCGG 000000579 2003 07 10 15 15.4 318.02
WDCGG 000000580 2003 07 10 15 15.4 317.66
WDCGG 000000581 2003 07 17 17 17.1 318.27
WDCGG 000000582 2003 07 24 16 16.9 318.28
WDCGG 000000583 2003 07 24 16 16.9 317.98
WDCGG 000000584 2003 07 31 16 16.9 318.04
WDCGG 000000585 2003 07 31 16 16.9 318.38
WDCGG 000000586 2003 08 07 13 13.9 317.98
WDCGG 000000587 2003 08 07 13 13.9 317.59
WDCGG 000000588 2003 08 14 16 16.0 317.97
WDCGG 000000589 2003 08 14 16 16.0 317.81
WDCGG 000000590 2003 08 23 19 19.5 317.77
WDCGG 000000591 2003 08 23 19 19.5 316.74
WDCGG 000000592 2003 08 29 17 17.8 317.56
WDCGG 000000593 2003 08 29 17 17.8 317.81
WDCGG 000000594 2003 09 04 19 19.2 317.89
WDCGG 000000595 2003 09 04 19 19.2 317.34
WDCGG 000000596 2003 09 11 19 19.6 318.51
WDCGG 000000597 2003 09 11 19 19.6 317.77
WDCGG 000000598 2003 09 18 16 16.4 317.75
WDCGG 000000599 2003 09 25 17 17.2 318.29
WDCGG 000000600 2003 09 25 17 17.2 318.45
WDCGG 000000601 2003 10 03 15 15.1 318.01
WDCGG 000000602 2003 10 03 15 15.2 317.64
WDCGG 000000603 2003 10 03 15 15.2 318.35
WDCGG 000000604 2003 10 09 19 19.8 318.25
WDCGG 000000605 2003 10 09 19 19.8 318.01
WDCGG 000000606 2003 10 16 16 16.6 317.95
WDCGG 000000607 2003 10 16 16 16.6 317.39
WDCGG 000000608 2003 10 23 17 17.2 318.04
WDCGG 000000609 2003 10 23 17 17.2 317.50
WDCGG 000000610 2003 10 30 17 17.9 317.50
WDCGG 000000611 2003 10 30 17 17.9 318.01
WDCGG 000000612 2003 11 06 17 17.7 317.99
WDCGG 000000613 2003 11 06 17 17.7 318.23
WDCGG 000000614 2003 11 13 17 17.8 318.39
WDCGG 000000615 2003 11 13 17 17.8 317.84
WDCGG 000000616 2003 11 20 21 21.6 318.03
WDCGG 000000617 2003 11 20 21 21.6 317.61
WDCGG 000000618 2003 11 27 17 17.9 317.89
WDCGG 000000619 2003 11 27 17 17.9 318.03
WDCGG 000000620 2003 12 18 17 17.3 318.18
WDCGG 000000621 2003 12 26 19 19.1 318.79
WDCGG 000000622 2003 12 26 19 19.1 318.77
WDCGG 000000623 2004 01 02 17 17.5 318.20
WDCGG 000000624 2004 01 02 17 17.5 317.85
WDCGG 000000625 2004 01 08 17 17.8 318.10
WDCGG 000000626 2004 01 08 17 17.8 318.41
WDCGG 000000627 2004 01 16 19 19.7 318.39
WDCGG 000000628 2004 01 16 19 19.7 318.49
WDCGG 000000629 2004 01 23 16 16.9 318.50
WDCGG 000000630 2004 01 23 16 16.9 318.80
WDCGG 000000631 2004 01 29 19 19.3 318.53
WDCGG 000000632 2004 01 29 19 19.3 318.33
WDCGG 000000633 2004 02 05 16 16.4 318.28
WDCGG 000000634 2004 02 05 16 16.4 317.86
WDCGG 000000635 2004 02 12 17 17.6 318.24
WDCGG 000000636 2004 02 12 17 17.6 318.23
WDCGG 000000637 2004 02 19 16 16.3 318.26
WDCGG 000000638 2004 02 19 16 16.3 318.18
WDCGG 000000639 2004 02 26 17 17.4 318.77
WDCGG 000000640 2004 02 26 17 17.4 318.63
WDCGG 000000641 2004 02 26 17 17.6 318.22
WDCGG 000000642 2004 02 26 17 17.6 318.51
WDCGG 000000643 2004 03 04 16 16.3 318.25
WDCGG 000000644 2004 03 04 16 16.3 318.90
WDCGG 000000645 2004 03 11 18 19.0 318.76
WDCGG 000000646 2004 03 11 18 19.0 319.02
WDCGG 000000647 2004 03 19 17 17.2 318.01
WDCGG 000000648 2004 03 19 17 17.2 318.17
WDCGG 000000649 2004 03 25 17 17.6 318.73
WDCGG 000000650 2004 03 25 17 17.6 318.93
WDCGG 000000651 2004 04 01 16 16.6 318.62
WDCGG 000000652 2004 04 01 16 16.6 317.87
WDCGG 000000653 2004 04 08 17 17.7 317.92
WDCGG 000000654 2004 04 08 17 17.7 318.44
WDCGG 000000655 2004 04 14 17 17.4 318.86
WDCGG 000000656 2004 04 14 17 17.4 318.41
WDCGG 000000657 2004 04 23 16 16.4 318.77
WDCGG 000000658 2004 04 23 16 16.4 318.57
WDCGG 000000659 2004 04 28 18 18.8 318.28
WDCGG 000000660 2004 04 28 18 18.8 318.41
WDCGG 000000661 2004 05 06 19 19.7 318.59
WDCGG 000000662 2004 05 06 19 19.7 319.01
WDCGG 000000663 2004 05 12 17 17.6 318.62
WDCGG 000000664 2004 05 12 17 17.6 319.03
WDCGG 000000665 2004 05 20 17 17.0 318.94
WDCGG 000000666 2004 05 20 17 17.0 318.53
WDCGG 000000667 2004 05 26 15 15.1 319.09
WDCGG 000000668 2004 05 26 15 15.1 319.06
WDCGG 000000669 2004 06 02 15 15.4 318.67
WDCGG 000000670 2004 06 02 15 15.4 318.24
WDCGG 000000671 2004 06 10 16 16.9 318.85
WDCGG 000000672 2004 06 10 16 16.9 318.53
WDCGG 000000673 2004 06 18 12 12.6 318.42
WDCGG 000000674 2004 06 18 12 12.6 317.92
WDCGG 000000675 2004 06 25 16 16.5 317.66
WDCGG 000000676 2004 06 25 16 16.5 318.35
WDCGG 000000677 2004 06 30 16 16.5 318.77
WDCGG 000000678 2004 06 30 16 16.5 319.28
WDCGG 000000679 2004 07 07 19 19.1 317.97
WDCGG 000000680 2004 07 07 19 19.1 317.96
WDCGG 000000681 2004 07 16 16 16.2 317.82
WDCGG 000000682 2004 07 16 16 16.2 318.13
WDCGG 000000683 2004 07 22 16 16.2 318.27
WDCGG 000000684 2004 07 22 16 16.2 318.38
WDCGG 000000685 2004 07 28 14 14.5 318.13
WDCGG 000000686 2004 07 28 14 14.5 317.87
WDCGG 000000687 2004 08 05 12 12.0 318.24
WDCGG 000000688 2004 08 05 12 12.0 318.38
WDCGG 000000689 2004 08 11 15 15.2 317.45
WDCGG 000000690 2004 08 11 15 15.2 318.31
WDCGG 000000691 2004 08 18 20 20.9 317.62
WDCGG 000000692 2004 08 18 20 20.9 318.44
WDCGG 000000693 2004 09 01 15 15.4 317.95
WDCGG 000000694 2004 09 01 15 15.4 318.04
WDCGG 000000695 2004 09 16 17 17.8 317.94
WDCGG 000000696 2004 09 16 17 17.8 318.05
WDCGG 000000697 2004 10 07 15 15.7 317.78
WDCGG 000000698 2004 10 07 15 15.7 318.10
WDCGG 000000699 2005 04 06 19 20.0 319.39
WDCGG 000000700 2005 04 06 19 20.0 319.36
WDCGG 000000701 2005 04 13 16 16.1 319.38
WDCGG 000000702 2005 04 13 16 16.1 319.68
WDCGG 000000703 2005 04 20 16 16.1 318.65
WDCGG 000000704 2005 04 20 16 16.1 318.90
WDCGG 000000705 2005 04 27 14 14.3 319.14
WDCGG 000000706 2005 04 27 14 14.3 318.21
WDCGG 000000707 2005 05 05 15 15.6 319.66
WDCGG 000000708 2005 05 18 15 15.1 319.29
WDCGG 000000709 2005 05 18 15 15.1 318.81
WDCGG 000000710 2005 05 25 18 18.5 318.34
WDCGG 000000711 2005 05 25 18 18.5 318.92
WDCGG 000000712 2005 06 02 15 15.3 319.64
WDCGG 000000713 2005 06 02 15 15.3 317.92
WDCGG 000000714 2005 06 08 13 13.8 318.83
WDCGG 000000715 2005 06 08 13 13.8 318.68
WDCGG 000000716 2005 06 15 14 14.6 319.70
WDCGG 000000717 2005 06 15 14 14.6 319.19
WDCGG 000000718 2005 06 22 13 13.7 318.76
WDCGG 000000719 2005 06 22 13 13.7 318.56
WDCGG 000000720 2005 06 29 14 14.0 318.75
WDCGG 000000721 2005 06 29 14 14.0 319.42
WDCGG 000000722 2005 07 06 13 13.6 319.65
WDCGG 000000723 2005 07 06 13 13.6 319.78
WDCGG 000000724 2005 07 13 14 14.9 318.42
WDCGG 000000725 2005 07 13 14 14.9 319.03
WDCGG 000000726 2005 07 20 13 13.7 318.36
WDCGG 000000727 2005 07 20 13 13.7 318.35
WDCGG 000000728 2005 07 28 18 18.5 318.37
WDCGG 000000729 2005 07 28 18 18.5 318.52
WDCGG 000000730 2005 08 03 15 15.7 319.32
WDCGG 000000731 2005 08 03 15 15.7 319.23
WDCGG 000000732 2005 08 10 14 14.7 319.55
WDCGG 000000733 2005 08 10 14 14.7 319.05
WDCGG 000000734 2005 08 17 14 14.2 318.01
WDCGG 000000735 2005 08 17 14 14.2 318.37
WDCGG 000000736 2005 08 24 16 16.6 318.92
WDCGG 000000737 2005 08 24 16 16.6 318.39
WDCGG 000000738 2005 08 31 19 19.4 319.03
WDCGG 000000739 2005 08 31 19 19.4 319.17
WDCGG 000000740 2005 09 07 20 20.9 318.77
WDCGG 000000741 2005 09 07 20 20.9 318.94
WDCGG 000000742 2005 09 15 15 15.3 319.12
WDCGG 000000743 2005 09 15 15 15.3 318.49
WDCGG 000000744 2005 09 23 15 15.3 319.29
WDCGG 000000745 2005 09 23 15 15.3 319.00
WDCGG 000000746 2005 09 28 16 16.2 319.80
WDCGG 000000747 2005 09 28 16 16.2 318.69
WDCGG 000000748 2005 10 06 16 16.6 319.45
WDCGG 000000749 2005 10 06 16 16.6 319.16
WDCGG 000000750 2005 10 12 18 18.4 319.80
WDCGG 000000751 2005 10 12 18 18.4 319.17
WDCGG 000000752 2005 10 19 18 18.6 319.80
WDCGG 000000753 2005 10 19 18 18.6 318.80
WDCGG 000000754 2005 10 28 18 18.3 319.20
WDCGG 000000755 2005 11 02 17 17.8 318.84
WDCGG 000000756 2005 11 02 17 17.8 320.06
WDCGG 000000757 2005 11 09 18 18.9 319.30
WDCGG 000000758 2005 11 09 18 18.9 319.55
WDCGG 000000759 2005 11 16 17 17.9 319.72
WDCGG 000000760 2005 11 16 17 17.9 319.31
WDCGG 000000761 2005 11 23 16 16.6 319.64
WDCGG 000000762 2005 11 23 16 16.6 320.38
WDCGG 000000763 2005 11 30 21 21.4 320.37
WDCGG 000000764 2005 11 30 21 21.4 319.96
WDCGG 000000765 2005 12 08 21 21.3 320.59
WDCGG 000000766 2005 12 16 17 17.6 320.66
WDCGG 000000767 2005 12 16 17 17.6 319.45
WDCGG 000000768 2005 12 21 15 15.9 319.89
WDCGG 000000769 2005 12 21 15 15.9 318.79
WDCGG 000000770 2005 12 28 16 16.3 320.88
WDCGG 000000771 2005 12 28 16 16.3 320.15
WDCGG 000000772 2006 01 06 18 18.2 320.11
WDCGG 000000773 2006 01 06 18 18.2 319.66
WDCGG 000000774 2006 01 12 17 17.9 319.80
WDCGG 000000775 2006 01 12 17 17.9 319.92
WDCGG 000000776 2006 01 20 16 16.8 319.53
WDCGG 000000777 2006 01 20 16 16.8 319.79
WDCGG 000000778 2006 01 25 22 22.6 320.81
WDCGG 000000779 2006 01 25 22 22.6 319.80
WDCGG 000000780 2006 02 01 19 19.6 320.81
WDCGG 000000781 2006 02 01 19 19.6 320.51
WDCGG 000000782 2006 02 08 20 20.9 319.70
WDCGG 000000783 2006 02 08 20 20.9 319.62
WDCGG 000000784 2006 02 17 14 14.9 319.55
WDCGG 000000785 2006 02 17 14 14.9 319.80
WDCGG 000000786 2006 02 23 20 20.0 319.78
WDCGG 000000787 2006 02 23 20 20.0 318.87
WDCGG 000000788 2006 03 01 17 17.2 319.82
WDCGG 000000789 2006 03 01 17 17.2 319.93
WDCGG 000000790 2006 03 08 20 20.4 320.56
WDCGG 000000791 2006 03 08 20 20.4 319.92
WDCGG 000000792 2006 03 15 19 19.5 319.97
WDCGG 000000793 2006 03 15 19 19.5 320.43
WDCGG 000000794 2006 03 22 19 19.1 319.95
WDCGG 000000795 2006 03 22 19 19.1 320.48
WDCGG 000000796 2006 03 31 18 18.5 319.94
WDCGG 000000797 2006 03 31 18 18.5 320.10
WDCGG 000000798 2006 04 06 20 20.5 320.44
WDCGG 000000799 2006 04 06 20 20.5 320.09
WDCGG 000000800 2006 04 12 18 19.0 319.56
WDCGG 000000801 2006 04 12 18 19.0 320.22
WDCGG 000000802 2006 04 19 19 19.1 320.36
WDCGG 000000803 2006 04 19 19 19.1 319.68
WDCGG 000000804 2006 04 26 20 20.4 319.88
WDCGG 000000805 2006 04 26 20 20.4 320.32
WDCGG 000000806 2006 05 03 17 17.0 319.97
WDCGG 000000807 2006 05 03 17 17.0 320.40
WDCGG 000000808 2006 05 10 18 18.2 320.36
WDCGG 000000809 2006 05 10 18 18.2 319.92
WDCGG 000000810 2006 05 19 16 16.5 320.85
WDCGG 000000811 2006 05 19 16 16.5 319.98
WDCGG 000000812 2006 05 24 19 19.8 320.26
WDCGG 000000813 2006 05 24 19 19.8 320.70
WDCGG 000000814 2006 05 31 18 18.5 320.41
WDCGG 000000815 2006 05 31 18 18.5 320.76
WDCGG 000000816 2006 06 07 17 17.4 319.92
WDCGG 000000817 2006 06 07 17 17.4 320.09
WDCGG 000000818 2006 06 16 18 18.6 320.70
WDCGG 000000819 2006 06 16 18 18.6 320.35
WDCGG 000000820 2006 06 21 18 18.9 319.77
WDCGG 000000821 2006 06 21 18 18.9 320.28
WDCGG 000000822 2006 06 28 19 19.3 320.60
WDCGG 000000823 2006 06 28 19 19.3 319.84
WDCGG 000000824 2006 07 07 14 14.6 320.31
WDCGG 000000825 2006 07 07 14 14.6 319.89
WDCGG 000000826 2006 07 12 15 15.6 319.95
WDCGG 000000827 2006 07 12 15 15.6 319.56
WDCGG 000000828 2006 07 20 14 14.6 320.25
WDCGG 000000829 2006 07 20 14 14.6 319.98
WDCGG 000000830 2006 07 26 15 15.3 320.00
WDCGG 000000831 2006 07 26 15 15.3 320.52
WDCGG 000000832 2006 08 02 15 15.5 319.44
WDCGG 000000833 2006 08 02 15 15.5 319.46
WDCGG 000000834 2006 08 09 15 15.4 319.44
WDCGG 000000835 2006 08 09 15 15.4 319.33
WDCGG 000000836 2006 08 16 18 18.8 318.90
WDCGG 000000837 2006 08 16 18 18.8 320.21
WDCGG 000000838 2006 08 23 19 19.2 319.88
WDCGG 000000839 2006 08 23 19 19.2 319.12
WDCGG 000000840 2006 09 01 00 1.0 320.13
WDCGG 000000841 2006 09 01 00 1.0 319.74
WDCGG 000000842 2006 09 08 00 0.8 320.07
WDCGG 000000843 2006 09 08 00 0.8 320.04
WDCGG 000000844 2006 09 15 15 15.2 319.97
WDCGG 000000845 2006 09 15 15 15.2 319.60
WDCGG 000000846 2006 09 21 18 18.7 319.50
WDCGG 000000847 2006 09 21 18 18.7 319.74
WDCGG 000000848 2006 09 29 19 20.0 318.87
WDCGG 000000849 2006 09 29 19 20.0 318.85
WDCGG 000000850 2006 10 05 00 0.1 319.60
WDCGG 000000851 2006 10 05 00 0.1 318.84
WDCGG 000000852 2006 10 12 16 16.2 320.03
WDCGG 000000853 2006 10 12 16 16.2 320.22
WDCGG 000000854 2006 10 18 16 16.5 319.56
WDCGG 000000855 2006 10 18 16 16.5 320.39
WDCGG 000000856 2006 10 25 19 19.1 320.15
WDCGG 000000857 2006 10 25 19 19.1 320.06
WDCGG 000000858 2006 11 04 15 15.8 319.58
WDCGG 000000859 2006 11 04 15 15.8 319.46
WDCGG 000000860 2006 11 09 21 21.3 320.17
WDCGG 000000861 2006 11 09 21 21.3 319.48
WDCGG 000000862 2006 11 15 20 21.0 320.36
WDCGG 000000863 2006 11 15 20 21.0 320.25
WDCGG 000000864 2006 11 22 19 19.7 320.30
WDCGG 000000865 2006 11 22 19 19.7 320.68
WDCGG 000000866 2006 11 29 18 18.7 320.81
WDCGG 000000867 2006 11 29 18 18.7 320.06
WDCGG 000000868 2006 12 08 19 19.1 319.79
WDCGG 000000869 2006 12 08 19 19.1 319.82
WDCGG 000000870 2006 12 13 18 18.5 320.46
WDCGG 000000871 2006 12 22 15 15.4 320.54
WDCGG 000000872 2006 12 22 15 15.4 320.21
WDCGG 000000873 2006 12 27 19 19.9 320.17
WDCGG 000000874 2006 12 27 19 19.9 319.10
WDCGG 000000875 2007 01 05 16 16.9 319.77
WDCGG 000000876 2007 01 05 16 16.9 320.88
WDCGG 000000877 2007 01 10 23 23.2 320.33
WDCGG 000000878 2007 01 10 23 23.2 319.78
WDCGG 000000879 2007 01 19 16 16.6 320.06
WDCGG 000000880 2007 01 19 16 16.6 320.54
WDCGG 000000881 2007 01 26 16 16.7 320.67
WDCGG 000000882 2007 01 26 16 16.7 320.98
WDCGG 000000883 2007 01 31 20 20.9 320.28
WDCGG 000000884 2007 01 31 20 20.9 320.74
WDCGG 000000885 2007 02 08 15 15.8 320.32
WDCGG 000000886 2007 02 08 15 15.8 321.47
WDCGG 000000887 2007 02 14 14 14.8 321.11
WDCGG 000000888 2007 02 14 14 14.8 320.32
WDCGG 000000889 2007 02 21 15 15.9 321.33
WDCGG 000000890 2007 02 21 15 15.9 321.43
WDCGG 000000891 2007 02 21 16 16.2 320.26
WDCGG 000000892 2007 02 21 16 16.2 320.07
WDCGG 000000893 2007 02 28 20 20.9 320.20
WDCGG 000000894 2007 02 28 20 20.9 320.42
WDCGG 000000895 2007 03 07 17 17.6 320.87
WDCGG 000000896 2007 03 17 17 17.2 321.56
WDCGG 000000897 2007 03 17 17 17.2 320.73
WDCGG 000000898 2007 03 21 15 15.9 321.33
WDCGG 000000899 2007 03 21 15 15.9 321.23
WDCGG 000000900 2007 03 28 20 20.4 320.34
WDCGG 000000901 2007 03 28 20 20.4 320.73
WDCGG 000000902 2007 03 28 20 20.6 320.27
WDCGG 000000903 2007 04 06 19 20.0 321.29
WDCGG 000000904 2007 04 06 19 20.0 320.27
WDCGG 000000905 2007 04 11 15 15.7 320.70
WDCGG 000000906 2007 04 11 15 15.7 321.36
WDCGG 000000907 2007 04 18 16 16.6 321.02
WDCGG 000000908 2007 04 18 16 16.6 320.82
WDCGG 000000909 2007 04 27 19 19.2 320.31
WDCGG 000000910 2007 04 27 19 19.2 319.92
WDCGG 000000911 2007 05 02 19 19.8 320.70
WDCGG 000000912 2007 05 02 19 19.8 320.78
WDCGG 000000913 2007 05 09 19 19.0 320.60
WDCGG 000000914 2007 05 09 19 19.0 320.97
WDCGG 000000915 2007 05 16 19 19.7 320.74
WDCGG 000000916 2007 05 16 19 19.7 321.04
WDCGG 000000917 2007 05 25 19 19.7 320.29
WDCGG 000000918 2007 05 25 19 19.7 320.58
WDCGG 000000919 2007 05 31 15 15.7 320.53
WDCGG 000000920 2007 05 31 15 15.7 321.22
WDCGG 000000921 2007 06 08 14 14.7 320.63
WDCGG 000000922 2007 06 08 14 14.7 320.03
WDCGG 000000923 2007 06 13 19 19.6 321.15
WDCGG 000000924 2007 06 13 19 19.6 321.47
WDCGG 000000925 2007 06 22 17 17.6 320.55
WDCGG 000000926 2007 06 22 17 17.9 320.24
WDCGG 000000927 2007 06 22 17 17.9 320.26
WDCGG 000000928 2007 06 29 18 18.1 320.19
WDCGG 000000929 2007 06 29 18 18.1 320.15
WDCGG 000000930 2007 07 05 18 18.1 320.65
WDCGG 000000931 2007 07 05 18 18.1 320.04
WDCGG 000000932 2007 07 13 17 17.6 320.34
WDCGG 000000933 2007 07 13 17 17.6 320.46
WDCGG 000000934 2007 07 20 17 17.9 320.93
WDCGG 000000935 2007 07 20 17 17.9 319.86
WDCGG 000000936 2007 07 25 17 17.9 320.21
WDCGG 000000937 2007 07 25 17 17.9 320.82
WDCGG 000000938 2007 08 03 18 18.8 320.43
WDCGG 000000939 2007 08 10 18 18.6 320.18
WDCGG 000000940 2007 08 10 18 18.6 320.45
WDCGG 000000941 2007 08 15 18 18.3 320.18
WDCGG 000000942 2007 08 22 19 19.3 320.10
WDCGG 000000943 2007 08 22 19 19.3 321.03
WDCGG 000000944 2007 08 30 18 18.1 320.79
WDCGG 000000945 2007 08 30 18 18.1 320.76
WDCGG 000000946 2007 09 06 18 18.4 320.42
WDCGG 000000947 2007 09 06 18 18.4 321.11
WDCGG 000000948 2007 09 12 18 18.1 320.62
WDCGG 000000949 2007 09 12 18 18.1 320.66
WDCGG 000000950 2007 09 20 17 18.0 320.52
WDCGG 000000951 2007 09 20 17 18.0 320.73
WDCGG 000000952 2007 09 27 18 18.9 320.34
WDCGG 000000953 2007 09 27 18 18.9 320.67
WDCGG 000000954 2007 10 03 18 18.1 320.10
WDCGG 000000955 2007 10 03 18 18.1 321.11
WDCGG 000000956 2007 10 10 18 18.1 320.66
WDCGG 000000957 2007 10 10 18 18.1 320.60
WDCGG 000000958 2007 10 17 18 18.6 320.92
WDCGG 000000959 2007 10 17 18 18.6 321.20
WDCGG 000000960 2007 10 24 18 18.4 320.43
WDCGG 000000961 2007 10 24 18 18.4 321.56
WDCGG 000000962 2007 11 07 19 19.7 321.57
WDCGG 000000963 2007 11 07 19 19.7 321.57
WDCGG 000000964 2007 11 15 19 19.6 320.38
WDCGG 000000965 2007 11 15 19 19.6 320.69
WDCGG 000000966 2007 11 21 18 18.6 321.31
WDCGG 000000967 2007 11 21 18 18.6 321.39
WDCGG 000000968 2007 11 28 19 19.2 321.25
WDCGG 000000969 2007 11 28 19 19.2 321.48
WDCGG 000000970 2007 12 06 19 19.3 320.88
WDCGG 000000971 2007 12 06 19 19.3 321.60
WDCGG 000000972 2007 12 12 23 23.0 321.86
WDCGG 000000973 2007 12 12 23 23.0 321.87
WDCGG 000000974 2007 12 19 18 18.6 321.82
WDCGG 000000975 2007 12 19 18 18.6 321.55
WDCGG 000000976 2007 12 19 18 18.8 321.76
WDCGG 000000977 2007 12 19 18 18.8 321.98
WDCGG 000000978 2007 12 26 19 19.2 321.83
WDCGG 000000979 2007 12 26 19 19.2 321.98
WDCGG 000000980 2008 01 05 19 19.5 321.33
WDCGG 000000981 2008 01 05 21 21.3 321.79
WDCGG 000000982 2008 01 05 21 21.3 321.87
WDCGG 000000983 2008 01 09 20 20.0 321.97
WDCGG 000000984 2008 01 09 20 20.0 322.05
WDCGG 000000985 2008 01 15 19 19.2 321.78
WDCGG 000000986 2008 01 15 19 19.2 321.87
WDCGG 000000987 2008 01 23 16 16.3 322.09
WDCGG 000000988 2008 01 23 16 16.3 321.86
WDCGG 000000989 2008 01 30 14 14.4 322.17
WDCGG 000000990 2008 01 30 14 14.4 322.02
WDCGG 000000991 2008 02 06 15 15.6 322.16
WDCGG 000000992 2008 02 06 15 15.6 322.13
WDCGG 000000993 2008 02 12 18 19.0 321.82
WDCGG 000000994 2008 02 12 18 19.0 321.39
WDCGG 000000995 2008 02 22 18 18.9 321.50
WDCGG 000000996 2008 02 22 18 18.9 321.22
WDCGG 000000997 2008 02 27 18 18.9 322.53
WDCGG 000000998 2008 02 27 18 18.9 322.37
WDCGG 000000999 2008 03 05 18 18.8 322.32
WDCGG 000001000 2008 03 05 18 18.8 322.36
WDCGG 000001001 2008 03 12 17 17.7 320.95
WDCGG 000001002 2008 03 12 17 17.7 320.67
WDCGG 000001003 2008 03 20 18 18.8 322.48
WDCGG 000001004 2008 03 20 18 18.8 322.19
WDCGG 000001005 2008 03 20 18 18.9 322.35
WDCGG 000001006 2008 03 20 18 18.9 322.33
WDCGG 000001007 2008 03 26 17 17.6 322.43
WDCGG 000001008 2008 03 26 17 17.6 322.42
WDCGG 000001009 2008 04 02 17 17.9 322.30
WDCGG 000001010 2008 04 02 17 17.9 322.26
WDCGG 000001011 2008 04 09 17 17.6 322.08
WDCGG 000001012 2008 04 16 19 19.2 320.74
WDCGG 000001013 2008 04 16 19 19.2 320.98
WDCGG 000001014 2008 04 24 18 18.2 322.14
WDCGG 000001015 2008 04 24 18 18.2 321.88
WDCGG 000001016 2008 04 24 18 18.4 320.96
WDCGG 000001017 2008 04 24 18 18.4 321.19
WDCGG 000001018 2008 05 01 17 17.7 321.42
WDCGG 000001019 2008 05 01 17 17.7 321.34
WDCGG 000001020 2008 05 14 18 18.6 322.16
WDCGG 000001021 2008 05 14 18 18.9 321.14
WDCGG 000001022 2008 05 14 18 18.9 322.07
WDCGG 000001023 2008 05 30 18 18.2 322.18
WDCGG 000001024 2008 05 30 18 18.2 322.18
WDCGG 000001025 2008 06 04 18 18.2 321.91
WDCGG 000001026 2008 06 04 18 18.2 322.03
WDCGG 000001027 2008 06 11 18 18.6 321.90
WDCGG 000001028 2008 06 11 18 18.6 322.13
WDCGG 000001029 2008 06 20 07 7.2 322.12
WDCGG 000001030 2008 06 20 07 7.6 322.14
WDCGG 000001031 2008 06 20 07 7.6 322.26
WDCGG 000001032 2008 06 26 22 22.3 322.06
WDCGG 000001033 2008 06 26 22 22.3 322.10
WDCGG 000001034 2008 07 04 18 18.0 321.80
WDCGG 000001035 2008 07 04 18 18.0 321.64
WDCGG 000001036 2008 07 09 18 18.9 320.91
WDCGG 000001037 2008 07 09 18 18.9 321.10
WDCGG 000001038 2008 07 16 18 18.2 320.95
WDCGG 000001039 2008 07 16 18 18.2 320.84
WDCGG 000001040 2008 07 23 18 18.2 321.83
WDCGG 000001041 2008 07 23 18 18.2 321.81
WDCGG 000001042 2008 07 30 17 17.9 321.80
WDCGG 000001043 2008 07 30 17 17.9 321.70
WDCGG 000001044 2008 08 06 18 18.5 321.90
WDCGG 000001045 2008 08 06 18 18.5 321.58
WDCGG 000001046 2008 08 13 17 17.9 321.23
WDCGG 000001047 2008 08 13 17 17.9 320.39
WDCGG 000001048 2008 08 21 18 18.6 321.72
WDCGG 000001049 2008 08 21 18 18.6 321.57
WDCGG 000001050 2008 08 27 18 18.3 321.47
WDCGG 000001051 2008 08 27 18 18.3 321.50
WDCGG 000001052 2008 09 05 15 15.6 321.02
WDCGG 000001053 2008 09 05 15 15.6 321.10
WDCGG 000001054 2008 09 10 13 13.4 321.51
WDCGG 000001055 2008 09 10 13 13.4 320.58
WDCGG 000001056 2008 09 19 15 15.2 321.51
WDCGG 000001057 2008 09 19 15 15.2 321.91
WDCGG 000001058 2008 09 24 13 13.4 321.56
WDCGG 000001059 2008 09 24 13 13.4 321.54
WDCGG 000001060 2008 10 01 16 16.2 321.53
WDCGG 000001061 2008 10 08 17 17.5 321.86
WDCGG 000001062 2008 10 08 17 17.5 321.76
WDCGG 000001063 2008 10 15 18 18.2 321.97
WDCGG 000001064 2008 10 15 18 18.2 321.65
WDCGG 000001065 2008 10 22 17 17.3 321.86
WDCGG 000001066 2008 10 22 17 17.3 321.93
WDCGG 000001067 2008 10 29 17 17.6 321.55
WDCGG 000001068 2008 10 29 17 17.6 322.03
WDCGG 000001069 2008 11 07 14 15.0 323.06
WDCGG 000001070 2008 11 07 14 15.0 322.10
WDCGG 000001071 2008 11 12 18 18.3 322.10
WDCGG 000001072 2008 11 12 18 18.3 321.78
WDCGG 000001073 2008 11 19 18 18.2 321.38
WDCGG 000001074 2008 11 19 18 18.2 321.70
WDCGG 000001075 2008 11 26 15 15.3 322.34
WDCGG 000001076 2008 11 26 15 15.3 322.36
WDCGG 000001077 2008 12 03 17 17.3 322.69
WDCGG 000001078 2008 12 03 17 17.3 322.49
WDCGG 000001079 2008 12 03 17 17.5 322.50
WDCGG 000001080 2008 12 03 17 17.5 322.61
WDCGG 000001081 2008 12 11 15 15.8 321.50
WDCGG 000001082 2008 12 11 15 15.8 321.23
WDCGG 000001083 2008 12 18 19 19.4 322.75
WDCGG 000001084 2008 12 18 19 19.4 322.67
WDCGG 000001085 2008 12 24 15 15.4 321.57
WDCGG 000001086 2008 12 24 15 15.4 320.95
WDCGG 000001087 2008 12 31 17 17.9 322.75
WDCGG 000001088 2008 12 31 17 17.9 322.92
WDCGG 000001089 2009 01 08 17 17.3 322.85
WDCGG 000001090 2009 01 08 17 17.3 322.95
WDCGG 000001091 2009 01 15 14 14.9 322.78
WDCGG 000001092 2009 01 15 14 14.9 322.94
WDCGG 000001093 2009 01 15 15 15.1 322.95
WDCGG 000001094 2009 01 15 15 15.1 323.00
WDCGG 000001095 2009 01 23 15 15.2 322.59
WDCGG 000001096 2009 01 23 15 15.2 322.30
WDCGG 000001097 2009 01 28 14 14.3 322.91
WDCGG 000001098 2009 01 28 14 14.3 323.04
WDCGG 000001099 2009 02 04 15 15.3 321.75
WDCGG 000001100 2009 02 11 14 14.7 322.83
WDCGG 000001101 2009 02 11 14 14.7 322.95
WDCGG 000001102 2009 02 19 15 15.5 322.29
WDCGG 000001103 2009 02 19 15 15.5 322.01
WDCGG 000001104 2009 02 25 14 14.4 322.90
WDCGG 000001105 2009 02 25 14 14.6 322.73
WDCGG 000001106 2009 02 25 14 14.6 322.59
WDCGG 000001107 2009 03 06 15 15.4 322.55
WDCGG 000001108 2009 03 06 15 15.6 322.26
WDCGG 000001109 2009 03 06 15 15.6 321.74
WDCGG 000001110 2009 03 13 13 14.0 322.21
WDCGG 000001111 2009 03 13 14 14.1 321.94
WDCGG 000001112 2009 03 13 14 14.1 321.82
WDCGG 000001113 2009 03 18 14 14.6 322.07
WDCGG 000001114 2009 03 18 14 14.7 322.57
WDCGG 000001115 2009 03 18 14 14.7 322.04
WDCGG 000001116 2009 03 26 13 13.9 321.56
WDCGG 000001117 2009 03 26 13 13.9 321.61
WDCGG 000001118 2009 04 01 17 17.7 322.49
WDCGG 000001119 2009 04 01 17 17.7 322.15
WDCGG 000001120 2009 04 08 13 13.5 322.51
WDCGG 000001121 2009 04 08 13 13.5 322.67
WDCGG 000001122 2009 04 08 13 13.7 322.64
WDCGG 000001123 2009 04 08 13 13.7 322.76
WDCGG 000001124 2009 04 16 17 17.8 322.75
WDCGG 000001125 2009 04 16 17 17.8 322.54
WDCGG 000001126 2009 04 16 17 17.9 321.92
WDCGG 000001127 2009 04 16 17 17.9 322.03
WDCGG 000001128 2009 04 22 13 13.4 322.93
WDCGG 000001129 2009 04 22 13 13.4 322.79
WDCGG 000001130 2009 04 22 13 13.5 322.64
WDCGG 000001131 2009 04 22 13 13.5 322.67
WDCGG 000001132 2009 05 01 15 15.6 322.29
WDCGG 000001133 2009 05 01 15 15.6 322.57
WDCGG 000001134 2009 05 01 15 15.8 322.20
WDCGG 000001135 2009 05 01 15 15.8 322.86
WDCGG 000001136 2009 05 08 14 14.2 322.23
WDCGG 000001137 2009 05 08 14 14.2 322.45
WDCGG 000001138 2009 05 08 14 14.4 322.54
WDCGG 000001139 2009 05 08 14 14.4 322.34
WDCGG 000001140 2009 05 13 16 16.8 322.42
WDCGG 000001141 2009 05 13 16 16.8 322.52
WDCGG 000001142 2009 05 13 17 17.0 321.86
WDCGG 000001143 2009 05 13 17 17.0 322.31
WDCGG 000001144 2009 05 22 13 13.9 322.34
WDCGG 000001145 2009 05 22 13 13.9 322.67
WDCGG 000001146 2009 05 22 14 14.1 322.77
WDCGG 000001147 2009 05 22 14 14.1 322.21
WDCGG 000001148 2009 05 29 14 14.6 322.66
WDCGG 000001149 2009 05 29 14 14.6 322.80
WDCGG 000001150 2009 05 29 14 14.8 322.82
WDCGG 000001151 2009 05 29 14 14.8 322.76
WDCGG 000001152 2009 06 03 17 17.0 322.21
WDCGG 000001153 2009 06 03 17 17.0 322.21
WDCGG 000001154 2009 06 03 17 17.2 322.37
WDCGG 000001155 2009 06 03 17 17.2 322.27
WDCGG 000001156 2009 06 10 16 16.1 321.86
WDCGG 000001157 2009 06 10 16 16.1 322.09
WDCGG 000001158 2009 06 10 16 16.7 322.16
WDCGG 000001159 2009 06 10 16 16.7 322.37
WDCGG 000001160 2009 06 19 15 15.3 322.16
WDCGG 000001161 2009 06 19 15 15.3 322.33
WDCGG 000001162 2009 06 19 15 15.5 322.20
WDCGG 000001163 2009 06 19 15 15.5 322.46
WDCGG 000001164 2009 06 26 14 15.0 322.76
WDCGG 000001165 2009 06 26 14 15.0 322.48
WDCGG 000001166 2009 06 26 15 15.1 322.05
WDCGG 000001167 2009 06 26 15 15.1 322.54
WDCGG 000001168 2009 07 01 17 17.2 322.18
WDCGG 000001169 2009 07 01 17 17.2 322.47
WDCGG 000001170 2009 07 01 18 18.3 322.29
WDCGG 000001171 2009 07 01 18 18.3 321.84
WDCGG 000001172 2009 07 08 15 15.1 322.27
WDCGG 000001173 2009 07 08 15 15.1 322.59
WDCGG 000001174 2009 07 08 15 15.2 322.47
WDCGG 000001175 2009 07 08 15 15.2 322.28
WDCGG 000001176 2009 07 17 14 14.2 322.17
WDCGG 000001177 2009 07 17 14 14.2 322.12
WDCGG 000001178 2009 07 17 14 14.3 322.73
WDCGG 000001179 2009 07 17 14 14.3 322.68
WDCGG 000001180 2009 07 22 19 19.5 322.49
WDCGG 000001181 2009 07 22 19 19.5 322.52
WDCGG 000001182 2009 07 22 19 19.6 322.42
WDCGG 000001183 2009 07 22 19 19.6 322.39
WDCGG 000001184 2009 07 29 17 17.2 322.40
WDCGG 000001185 2009 07 29 17 17.2 322.45
WDCGG 000001186 2009 07 29 17 17.4 322.04
WDCGG 000001187 2009 07 29 17 17.4 322.14
WDCGG 000001188 2009 08 06 14 14.4 321.97
WDCGG 000001189 2009 08 06 14 14.4 322.08
WDCGG 000001190 2009 08 06 14 14.5 322.18
WDCGG 000001191 2009 08 06 14 14.5 322.37
WDCGG 000001192 2009 08 12 14 14.2 322.55
WDCGG 000001193 2009 08 12 14 14.4 322.85
WDCGG 000001194 2009 08 12 14 14.4 322.57
WDCGG 000001195 2009 08 19 15 15.8 322.66
WDCGG 000001196 2009 08 19 15 15.8 322.32
WDCGG 000001197 2009 08 19 15 15.9 322.66
WDCGG 000001198 2009 08 19 15 15.9 322.67
WDCGG 000001199 2009 08 28 13 13.9 322.57
WDCGG 000001200 2009 08 28 13 13.9 323.05
WDCGG 000001201 2009 08 28 14 14.1 322.82
WDCGG 000001202 2009 08 28 14 14.1 322.83
WDCGG 000001203 2009 09 04 17 17.8 322.85
WDCGG 000001204 2009 09 04 17 17.8 322.88
WDCGG 000001205 2009 09 04 17 17.9 322.72
WDCGG 000001206 2009 09 04 17 17.9 322.52
WDCGG 000001207 2009 09 11 13 13.9 322.42
WDCGG 000001208 2009 09 11 14 14.2 322.57
WDCGG 000001209 2009 09 11 14 14.2 322.27
WDCGG 000001210 2009 09 17 17 17.1 322.66
WDCGG 000001211 2009 09 17 17 17.1 322.72
WDCGG 000001212 2009 09 17 17 17.3 322.52
WDCGG 000001213 2009 09 17 17 17.3 322.41
WDCGG 000001214 2009 09 23 14 14.7 322.74
WDCGG 000001215 2009 09 23 14 14.7 322.70
WDCGG 000001216 2009 09 23 14 14.8 322.61
WDCGG 000001217 2009 09 23 14 14.8 322.38
WDCGG 000001218 2009 10 01 14 14.8 322.61
WDCGG 000001219 2009 10 01 14 14.8 322.64
WDCGG 000001220 2009 10 01 14 14.9 322.58
WDCGG 000001221 2009 10 01 14 14.9 322.87
WDCGG 000001222 2009 10 07 13 14.0 322.91
WDCGG 000001223 2009 10 07 13 14.0 322.62
WDCGG 000001224 2009 10 07 14 14.2 323.10
WDCGG 000001225 2009 10 07 14 14.2 323.03
WDCGG 000001226 2009 10 14 17 17.8 322.45
WDCGG 000001227 2009 10 14 17 17.8 322.87
WDCGG 000001228 2009 10 14 17 17.9 322.66
WDCGG 000001229 2009 10 14 17 17.9 322.68
WDCGG 000001230 2009 10 21 15 15.1 322.91
WDCGG 000001231 2009 10 21 15 15.1 322.99
WDCGG 000001232 2009 10 21 15 15.2 322.96
WDCGG 000001233 2009 10 21 15 15.2 322.86
WDCGG 000001234 2009 10 28 15 15.2 322.73
WDCGG 000001235 2009 10 28 15 15.2 322.88
WDCGG 000001236 2009 10 28 15 15.4 323.10
WDCGG 000001237 2009 10 28 15 15.4 322.53
WDCGG 000001238 2009 11 04 15 15.2 322.27
WDCGG 000001239 2009 11 04 15 15.2 322.79
WDCGG 000001240 2009 11 04 15 15.4 323.12
WDCGG 000001241 2009 11 04 15 15.4 322.80
WDCGG 000001242 2009 11 10 15 15.8 323.16
WDCGG 000001243 2009 11 10 15 15.8 323.02
WDCGG 000001244 2009 11 10 15 16.0 323.24
WDCGG 000001245 2009 11 10 15 16.0 323.41
WDCGG 000001246 2009 11 18 15 15.6 323.24
WDCGG 000001247 2009 11 18 15 15.6 323.04
WDCGG 000001248 2009 11 18 15 15.7 322.54
WDCGG 000001249 2009 11 18 15 15.7 322.80
WDCGG 000001250 2009 11 25 17 17.6 322.93
WDCGG 000001251 2009 11 25 17 17.6 323.01
WDCGG 000001252 2009 11 25 17 17.8 323.01
WDCGG 000001253 2009 11 25 17 17.8 323.44
WDCGG 000001254 2009 12 02 15 15.6 322.70
WDCGG 000001255 2009 12 02 15 15.6 323.19
WDCGG 000001256 2009 12 02 15 15.7 322.55
WDCGG 000001257 2009 12 02 15 15.7 322.78
WDCGG 000001258 2009 12 09 18 18.4 322.97
WDCGG 000001259 2009 12 09 18 18.4 322.89
WDCGG 000001260 2009 12 09 18 18.5 322.35
WDCGG 000001261 2009 12 09 18 18.5 322.70
WDCGG 000001262 2009 12 16 15 15.1 323.03
WDCGG 000001263 2009 12 16 15 15.1 323.60
WDCGG 000001264 2009 12 16 15 15.2 323.76
WDCGG 000001265 2009 12 16 15 15.2 323.91
WDCGG 000001266 2009 12 23 16 16.7 323.24
WDCGG 000001267 2009 12 23 16 16.7 323.29
WDCGG 000001268 2009 12 23 16 16.8 323.03
WDCGG 000001269 2009 12 23 16 16.8 322.81
WDCGG 000001270 2009 12 30 19 19.1 323.41
WDCGG 000001271 2009 12 30 19 19.1 323.60
WDCGG 000001272 2010 01 07 15 15.8 323.18
WDCGG 000001273 2010 01 07 15 15.8 323.39
WDCGG 000001274 2010 01 07 15 15.9 323.04
WDCGG 000001275 2010 01 07 15 15.9 322.74
WDCGG 000001276 2010 01 13 15 15.4 323.48
WDCGG 000001277 2010 01 13 15 15.4 323.23
WDCGG 000001278 2010 01 20 14 14.6 323.11
WDCGG 000001279 2010 01 20 14 14.6 323.43
WDCGG 000001280 2010 01 20 14 14.7 323.44
WDCGG 000001281 2010 01 20 14 14.7 323.64
WDCGG 000001282 2010 01 28 14 14.3 323.23
WDCGG 000001283 2010 01 28 14 14.3 323.94
WDCGG 000001284 2010 01 28 14 14.5 323.48
WDCGG 000001285 2010 01 28 14 14.5 323.19
WDCGG 000001286 2010 02 03 14 14.5 322.95
WDCGG 000001287 2010 02 03 14 14.7 323.29
WDCGG 000001288 2010 02 03 14 14.7 323.14
WDCGG 000001289 2010 02 10 15 15.1 323.39
WDCGG 000001290 2010 02 10 15 15.1 323.72
WDCGG 000001291 2010 02 10 15 15.2 323.47
WDCGG 000001292 2010 02 10 15 15.2 323.74
WDCGG 000001293 2010 02 17 16 16.2 323.51
WDCGG 000001294 2010 02 17 16 16.2 323.56
WDCGG 000001295 2010 02 17 16 16.3 323.54
WDCGG 000001296 2010 02 17 16 16.3 323.76
WDCGG 000001297 2010 02 24 15 15.7 323.44
WDCGG 000001298 2010 02 24 15 15.7 323.27
WDCGG 000001299 2010 02 24 15 15.8 323.85
WDCGG 000001300 2010 02 24 15 15.8 323.32
WDCGG 000001301 2010 03 03 17 17.8 323.31
WDCGG 000001302 2010 03 03 17 17.8 323.14
WDCGG 000001303 2010 03 03 17 17.9 323.49
WDCGG 000001304 2010 03 03 17 17.9 323.93
WDCGG 000001305 2010 03 10 16 16.2 323.41
WDCGG 000001306 2010 03 10 16 16.2 323.11
WDCGG 000001307 2010 03 10 16 16.3 324.70
WDCGG 000001308 2010 03 10 16 16.3 323.67
WDCGG 000001309 2010 03 17 15 15.8 323.78
WDCGG 000001310 2010 03 17 15 15.8 323.20
WDCGG 000001311 2010 03 17 15 16.0 323.44
WDCGG 000001312 2010 03 17 15 16.0 323.59
WDCGG 000001313 2010 03 24 14 14.6 324.02
WDCGG 000001314 2010 03 24 14 14.6 323.70
WDCGG 000001315 2010 03 24 14 14.7 323.66
WDCGG 000001316 2010 03 24 14 14.7 323.67
WDCGG 000001317 2010 03 31 15 15.4 323.56
WDCGG 000001318 2010 03 31 15 15.4 323.15
WDCGG 000001319 2010 03 31 15 15.6 323.83
WDCGG 000001320 2010 03 31 15 15.6 323.73
WDCGG 000001321 2010 04 21 13 13.9 323.97
WDCGG 000001322 2010 04 21 13 13.9 324.01
WDCGG 000001323 2010 04 21 14 14.0 323.95
WDCGG 000001324 2010 04 21 14 14.0 323.97
WDCGG 000001325 2010 04 28 15 15.2 323.74
WDCGG 000001326 2010 04 28 15 15.2 323.14
WDCGG 000001327 2010 04 28 15 15.4 323.42
WDCGG 000001328 2010 04 28 15 15.4 323.52
WDCGG 000001329 2010 05 05 14 14.5 323.86
WDCGG 000001330 2010 05 05 14 14.5 323.64
WDCGG 000001331 2010 05 05 14 14.7 323.49
WDCGG 000001332 2010 05 05 14 14.7 323.50
WDCGG 000001333 2010 05 12 14 14.9 323.43
WDCGG 000001334 2010 05 12 14 14.9 323.56
WDCGG 000001335 2010 05 12 15 15.2 324.13
WDCGG 000001336 2010 05 12 15 15.2 324.01
WDCGG 000001337 2010 05 19 15 15.5 323.95
WDCGG 000001338 2010 05 19 15 15.5 324.15
WDCGG 000001339 2010 05 19 15 15.7 323.93
WDCGG 000001340 2010 05 19 15 15.7 323.59
WDCGG 000001341 2010 05 26 15 15.5 323.62
WDCGG 000001342 2010 05 26 15 15.5 323.74
WDCGG 000001343 2010 05 26 15 15.7 323.12
WDCGG 000001344 2010 05 26 15 15.7 323.77
WDCGG 000001345 2010 06 02 15 15.8 323.52
WDCGG 000001346 2010 06 02 15 15.8 323.52
WDCGG 000001347 2010 06 02 15 15.9 323.23
WDCGG 000001348 2010 06 02 15 15.9 323.51
WDCGG 000001349 2010 06 09 16 16.2 323.41
WDCGG 000001350 2010 06 09 16 16.2 323.10
WDCGG 000001351 2010 06 09 16 16.4 323.24
WDCGG 000001352 2010 06 09 16 16.4 323.43
WDCGG 000001353 2010 06 16 14 14.1 322.95
WDCGG 000001354 2010 06 16 14 14.1 322.95
WDCGG 000001355 2010 06 16 14 14.3 323.44
WDCGG 000001356 2010 06 16 14 14.3 323.39
WDCGG 000001357 2010 06 23 15 15.8 323.08
WDCGG 000001358 2010 06 23 15 15.8 323.49
WDCGG 000001359 2010 06 23 16 16.0 323.48
WDCGG 000001360 2010 06 23 16 16.0 323.68
WDCGG 000001361 2010 06 30 14 14.2 323.40
WDCGG 000001362 2010 06 30 14 14.2 323.59
WDCGG 000001363 2010 06 30 14 14.4 324.07
WDCGG 000001364 2010 06 30 14 14.4 323.51
WDCGG 000001365 2010 07 07 14 14.7 322.49
WDCGG 000001366 2010 07 07 14 14.7 322.95
WDCGG 000001367 2010 07 07 14 14.8 322.72
WDCGG 000001368 2010 07 07 14 14.8 323.37
WDCGG 000001369 2010 07 14 14 14.5 323.14
WDCGG 000001370 2010 07 14 14 14.5 323.39
WDCGG 000001371 2010 07 14 14 14.7 323.45
WDCGG 000001372 2010 07 14 14 14.7 323.07
WDCGG 000001373 2010 07 21 15 15.2 323.17
WDCGG 000001374 2010 07 21 15 15.2 323.38
WDCGG 000001375 2010 07 21 15 15.4 323.15
WDCGG 000001376 2010 07 21 15 15.4 323.10
WDCGG 000001377 2010 07 29 14 14.2 322.97
WDCGG 000001378 2010 07 29 14 14.2 323.05
WDCGG 000001379 2010 07 29 14 14.4 323.07
WDCGG 000001380 2010 07 29 14 14.4 322.86
WDCGG 000001381 2010 08 04 15 15.1 323.40
WDCGG 000001382 2010 08 04 15 15.1 323.32
WDCGG 000001383 2010 08 04 15 15.3 322.89
WDCGG 000001384 2010 08 04 15 15.3 323.18
WDCGG 000001385 2010 08 11 13 13.7 322.77
WDCGG 000001386 2010 08 11 13 13.7 322.48
WDCGG 000001387 2010 08 11 13 13.9 322.88
WDCGG 000001388 2010 08 11 13 13.9 322.99
WDCGG 000001389 2010 08 19 15 15.4 323.35
WDCGG 000001390 2010 08 19 15 15.4 323.18
WDCGG 000001391 2010 08 19 15 15.6 323.40
WDCGG 000001392 2010 08 19 15 15.6 323.34
WDCGG 000001393 2010 08 25 13 13.2 323.41
WDCGG 000001394 2010 08 25 13 13.2 323.24
WDCGG 000001395 2010 08 25 13 13.3 323.07
WDCGG 000001396 2010 08 25 13 13.3 323.13
WDCGG 000001397 2010 09 02 20 20.9 322.77
WDCGG 000001398 2010 09 02 20 20.9 323.14
WDCGG 000001399 2010 09 02 21 21.1 322.85
WDCGG 000001400 2010 09 02 21 21.1 323.33
WDCGG 000001401 2010 09 09 14 14.2 323.23
WDCGG 000001402 2010 09 09 14 14.4 322.99
WDCGG 000001403 2010 09 09 14 14.4 322.73
WDCGG 000001404 2010 09 15 15 15.8 322.89
WDCGG 000001405 2010 09 15 15 15.8 323.00
WDCGG 000001406 2010 09 15 15 15.9 322.63
WDCGG 000001407 2010 09 15 15 15.9 322.94
WDCGG 000001408 2010 09 22 14 14.3 323.06
WDCGG 000001409 2010 09 22 14 14.3 323.59
WDCGG 000001410 2010 09 22 14 14.4 323.37
WDCGG 000001411 2010 09 22 14 14.4 323.40
WDCGG 000001412 2010 09 29 15 15.2 323.04
WDCGG 000001413 2010 09 29 15 15.2 323.54
WDCGG 000001414 2010 09 29 15 15.3 323.17
WDCGG 000001415 2010 09 29 15 15.3 323.44
WDCGG 000001416 2010 10 06 14 14.5 323.35
WDCGG 000001417 2010 10 06 14 14.5 323.48
WDCGG 000001418 2010 10 06 14 14.7 322.92
WDCGG 000001419 2010 10 06 14 14.7 323.11
WDCGG 000001420 2010 10 13 15 15.4 323.36
WDCGG 000001421 2010 10 13 15 15.4 323.31
WDCGG 000001422 2010 10 13 15 15.6 323.56
WDCGG 000001423 2010 10 13 15 15.6 323.22
WDCGG 000001424 2010 10 20 14 14.2 323.39
WDCGG 000001425 2010 10 20 14 14.2 323.14
WDCGG 000001426 2010 10 20 14 14.4 323.70
WDCGG 000001427 2010 10 20 14 14.4 323.75
WDCGG 000001428 2010 10 27 16 17.0 323.53
WDCGG 000001429 2010 10 27 16 17.0 323.76
WDCGG 000001430 2010 10 27 17 17.2 323.38
WDCGG 000001431 2010 11 05 17 17.4 323.54
WDCGG 000001432 2010 11 05 17 17.4 323.46
WDCGG 000001433 2010 11 05 17 17.6 323.34
WDCGG 000001434 2010 11 05 17 17.6 323.58
WDCGG 000001435 2010 11 10 16 16.8 323.63
WDCGG 000001436 2010 11 10 16 16.8 323.79
WDCGG 000001437 2010 11 10 16 16.9 323.71
WDCGG 000001438 2010 11 10 16 16.9 323.98
WDCGG 000001439 2010 11 17 15 15.9 323.78
WDCGG 000001440 2010 11 17 15 15.9 323.71
WDCGG 000001441 2010 11 17 16 16.1 324.04
WDCGG 000001442 2010 11 17 16 16.1 323.83
WDCGG 000001443 2010 11 24 18 18.1 324.23
WDCGG 000001444 2010 11 24 18 18.1 324.08
WDCGG 000001445 2010 11 24 18 18.3 324.41
WDCGG 000001446 2010 11 24 18 18.3 324.17
WDCGG 000001447 2010 12 01 15 15.6 324.00
WDCGG 000001448 2010 12 01 15 15.6 324.04
WDCGG 000001449 2010 12 01 15 15.8 323.99
WDCGG 000001450 2010 12 01 15 15.8 324.39
WDCGG 000001451 2010 12 08 20 20.7 324.20
WDCGG 000001452 2010 12 08 20 20.7 324.50
WDCGG 000001453 2010 12 08 21 21.1 324.04
WDCGG 000001454 2010 12 08 21 21.1 323.92
WDCGG 000001455 2010 12 15 16 16.4 324.23
WDCGG 000001456 2010 12 15 16 16.4 324.19
WDCGG 000001457 2010 12 15 16 16.6 323.88
WDCGG 000001458 2010 12 15 16 16.6 324.83
WDCGG 000001459 2010 12 22 18 18.3 323.88
WDCGG 000001460 2010 12 22 18 18.3 323.95
WDCGG 000001461 2010 12 22 18 18.4 324.28
WDCGG 000001462 2010 12 22 18 18.4 323.87
WDCGG 000001463 2010 12 29 16 16.1 323.72
WDCGG 000001464 2010 12 29 16 16.1 323.64
WDCGG 000001465 2010 12 29 16 16.3 324.47
WDCGG 000001466 2010 12 29 16 16.3 324.44
WDCGG 000001467 2011 01 05 18 18.5 324.66
WDCGG 000001468 2011 01 05 18 18.5 324.40
WDCGG 000001469 2011 01 05 18 18.7 324.24
WDCGG 000001470 2011 01 05 18 18.7 324.68
WDCGG 000001471 2011 01 12 16 16.1 324.70
WDCGG 000001472 2011 01 12 16 16.1 324.64
WDCGG 000001473 2011 01 12 16 16.4 324.61
WDCGG 000001474 2011 01 12 16 16.4 324.26
WDCGG 000001475 2011 01 19 16 16.3 324.06
WDCGG 000001476 2011 01 19 16 16.3 324.35
WDCGG 000001477 2011 01 19 16 16.5 324.73
WDCGG 000001478 2011 01 19 16 16.5 324.46
WDCGG 000001479 2011 01 26 16 16.4 324.76
WDCGG 000001480 2011 01 26 16 16.4 324.93
WDCGG 000001481 2011 01 26 16 16.5 324.19
WDCGG 000001482 2011 01 26 16 16.5 324.34
WDCGG 000001483 2011 02 02 16 16.8 325.21
WDCGG 000001484 2011 02 02 16 16.8 325.14
WDCGG 000001485 2011 02 02 16 17.0 324.21
WDCGG 000001486 2011 02 02 16 17.0 324.86
WDCGG 000001487 2011 02 09 15 15.3 324.61
WDCGG 000001488 2011 02 09 15 15.3 324.02
WDCGG 000001489 2011 02 09 15 15.4 323.86
WDCGG 000001490 2011 02 09 15 15.4 324.27
WDCGG 000001491 2011 02 17 17 17.4 324.63
WDCGG 000001492 2011 02 17 17 17.4 325.03
WDCGG 000001493 2011 02 17 17 17.6 324.65
WDCGG 000001494 2011 02 17 17 17.6 324.70
WDCGG 000001495 2011 02 23 15 15.2 324.54
WDCGG 000001496 2011 02 23 15 15.2 324.49
WDCGG 000001497 2011 03 03 17 17.8 324.60
WDCGG 000001498 2011 03 03 17 17.8 324.88
WDCGG 000001499 2011 03 09 14 14.7 325.30
WDCGG 000001500 2011 03 09 14 14.7 325.07
WDCGG 000001501 2011 03 18 15 15.1 325.21
WDCGG 000001502 2011 03 18 15 15.1 323.91
WDCGG 000001503 2011 03 23 19 19.5 324.44
WDCGG 000001504 2011 03 23 19 19.5 324.38
WDCGG 000001505 2011 03 30 17 17.8 324.88
WDCGG 000001506 2011 03 30 17 17.8 324.71
WDCGG 000001507 2011 04 06 15 15.0 324.91
WDCGG 000001508 2011 04 06 15 15.0 324.89
WDCGG 000001509 2011 04 13 15 15.9 324.71
WDCGG 000001510 2011 04 13 15 15.9 324.78
WDCGG 000001511 2011 04 20 14 15.0 324.63
WDCGG 000001512 2011 04 20 14 15.0 324.25
WDCGG 000001513 2011 04 27 17 17.3 324.99
WDCGG 000001514 2011 05 04 14 14.3 324.75
WDCGG 000001515 2011 05 04 14 14.3 324.44
WDCGG 000001516 2011 05 11 15 15.6 324.46
WDCGG 000001517 2011 05 11 15 15.6 324.45
WDCGG 000001518 2011 05 18 14 14.8 324.30
WDCGG 000001519 2011 05 18 14 14.8 324.43
WDCGG 000001520 2011 05 26 17 17.8 324.62
WDCGG 000001521 2011 05 26 17 17.8 324.39
WDCGG 000001522 2011 06 01 18 18.1 324.48
WDCGG 000001523 2011 06 01 18 18.1 324.52
WDCGG 000001524 2011 06 08 17 17.5 324.59
WDCGG 000001525 2011 06 08 17 17.5 324.37
WDCGG 000001526 2011 06 16 16 16.9 324.76
WDCGG 000001527 2011 06 16 16 16.9 324.25
WDCGG 000001528 2011 06 23 18 18.9 324.42
WDCGG 000001529 2011 06 23 18 18.9 324.61
WDCGG 000001530 2011 06 29 15 15.9 324.42
WDCGG 000001531 2011 06 29 15 15.9 323.73
WDCGG 000001532 2011 07 08 16 16.8 324.72
WDCGG 000001533 2011 07 08 16 16.8 324.43
WDCGG 000001534 2011 07 15 15 15.9 324.22
WDCGG 000001535 2011 07 15 15 15.9 324.40
WDCGG 000001536 2011 07 21 15 15.9 324.24
WDCGG 000001537 2011 07 21 15 15.9 324.26
WDCGG 000001538 2011 07 27 14 14.1 324.25
WDCGG 000001539 2011 07 27 14 14.1 324.26
WDCGG 000001540 2011 08 03 15 15.5 325.16
WDCGG 000001541 2011 08 03 15 15.5 324.29
WDCGG 000001542 2011 08 18 18 18.9 324.05
WDCGG 000001543 2011 08 18 18 18.9 324.19
WDCGG 000001544 2011 08 24 15 16.0 324.34
WDCGG 000001545 2011 08 24 15 16.0 324.47
WDCGG 000001546 2011 09 02 15 15.1 324.80
WDCGG 000001547 2011 09 07 13 14.0 324.15
WDCGG 000001548 2011 09 07 13 14.0 324.17
WDCGG 000001549 2011 09 15 14 14.3 324.81
WDCGG 000001550 2011 09 15 14 14.3 324.61
WDCGG 000001551 2011 09 21 14 14.1 324.53
WDCGG 000001552 2011 09 21 14 14.1 324.63
WDCGG 000001553 2011 10 05 13 13.9 324.71
WDCGG 000001554 2011 10 05 13 13.9 324.84
WDCGG 000001555 2011 10 12 14 14.9 324.70
WDCGG 000001556 2011 10 12 14 14.9 325.01
WDCGG 000001557 2011 10 21 14 14.5 324.42
WDCGG 000001558 2011 10 26 14 14.4 324.44
WDCGG 000001559 2011 10 26 14 14.4 324.50
WDCGG 000001560 2011 11 02 13 13.6 325.10
WDCGG 000001561 2011 11 02 13 13.6 324.63
WDCGG 000001562 2011 11 09 15 15.7 324.65
WDCGG 000001563 2011 11 09 15 15.7 324.75
WDCGG 000001564 2011 11 17 14 14.6 324.14
WDCGG 000001565 2011 11 17 14 14.6 324.88
WDCGG 000001566 2011 11 24 15 15.6 324.98
WDCGG 000001567 2011 11 24 15 15.6 325.23
WDCGG 000001568 2011 12 02 14 14.7 324.99
WDCGG 000001569 2011 12 02 14 14.7 325.20
WDCGG 000001570 2011 12 07 16 16.9 324.97
WDCGG 000001571 2011 12 07 16 16.9 324.69
WDCGG 000001572 2011 12 16 14 14.5 324.87
WDCGG 000001573 2011 12 16 14 14.5 325.10
WDCGG 000001574 2011 12 21 15 15.9 325.14
WDCGG 000001575 2011 12 21 15 15.9 324.76
WDCGG 000001576 2011 12 30 19 19.6 324.73
WDCGG 000001577 2011 12 30 19 19.6 325.30
WDCGG 000001578 2012 01 04 16 16.6 324.98
WDCGG 000001579 2012 01 04 16 16.6 325.27
WDCGG 000001580 2012 01 11 14 14.7 324.82
WDCGG 000001581 2012 01 11 14 14.7 324.94
WDCGG 000001582 2012 01 20 15 15.5 325.15
WDCGG 000001583 2012 01 20 15 15.5 325.03
WDCGG 000001584 2012 01 25 14 14.6 325.08
WDCGG 000001585 2012 02 01 17 17.7 325.54
WDCGG 000001586 2012 02 01 17 17.7 325.04
WDCGG 000001587 2012 02 09 15 15.8 325.77
WDCGG 000001588 2012 02 09 15 15.8 325.14
WDCGG 000001589 2012 02 15 18 18.9 325.32
WDCGG 000001590 2012 02 15 18 18.9 325.36
WDCGG 000001591 2012 02 23 20 20.4 325.26
WDCGG 000001592 2012 02 23 20 20.4 325.35
WDCGG 000001593 2012 03 02 16 16.3 325.22
WDCGG 000001594 2012 03 02 16 16.3 325.67
WDCGG 000001595 2012 03 07 14 14.9 325.49
WDCGG 000001596 2012 03 07 14 14.9 326.01
WDCGG 000001597 2012 03 16 14 14.2 325.48
WDCGG 000001598 2012 03 16 14 14.2 325.40
WDCGG 000001599 2012 03 22 13 13.4 325.48
WDCGG 000001600 2012 03 22 13 13.4 325.86
WDCGG 000001601 2012 03 28 14 14.3 325.00
WDCGG 000001602 2012 03 28 14 14.3 325.66
WDCGG 000001603 2012 04 04 18 18.1 325.55
WDCGG 000001604 2012 04 04 18 18.1 325.09
WDCGG 000001605 2012 04 13 14 14.5 325.78
WDCGG 000001606 2012 04 13 14 14.5 325.84
WDCGG 000001607 2012 04 20 13 13.4 325.74
WDCGG 000001608 2012 04 20 13 13.4 326.00
WDCGG 000001609 2012 04 27 14 14.3 325.99
WDCGG 000001610 2012 04 27 14 14.3 325.63
WDCGG 000001611 2012 05 02 15 15.2 326.23
WDCGG 000001612 2012 05 02 15 15.2 325.10
WDCGG 000001613 2012 05 09 14 14.3 325.79
WDCGG 000001614 2012 05 09 14 14.3 325.48
WDCGG 000001615 2012 05 18 13 13.2 325.66
WDCGG 000001616 2012 05 18 13 13.2 325.15
WDCGG 000001617 2012 05 25 14 14.2 325.96
WDCGG 000001618 2012 05 25 14 14.2 325.55
WDCGG 000001619 2012 06 01 14 14.0 325.77
WDCGG 000001620 2012 06 01 14 14.0 325.15
WDCGG 000001621 2012 06 08 14 14.0 325.45
WDCGG 000001622 2012 06 08 14 14.0 325.11
WDCGG 000001623 2012 06 13 13 13.2 325.17
WDCGG 000001624 2012 06 13 13 13.2 325.15
WDCGG 000001625 2012 06 22 13 13.9 325.59
WDCGG 000001626 2012 06 22 13 13.9 325.31
WDCGG 000001627 2012 06 27 13 13.2 324.70
WDCGG 000001628 2012 06 27 13 13.2 325.11
WDCGG 000001629 2012 07 04 19 19.1 324.95
WDCGG 000001630 2012 07 04 19 19.1 325.02
WDCGG 000001631 2012 07 11 13 13.8 325.01
WDCGG 000001632 2012 07 11 13 13.8 324.72
WDCGG 000001633 2012 07 25 13 13.6 324.79
WDCGG 000001634 2012 07 25 13 13.6 325.23
WDCGG 000001635 2012 08 01 14 14.2 324.39
WDCGG 000001636 2012 08 01 14 14.2 324.92
WDCGG 000001637 2012 08 08 13 13.4 324.43
WDCGG 000001638 2012 08 08 13 13.4 324.78
WDCGG 000001639 2012 08 15 14 14.2 324.75
WDCGG 000001640 2012 08 15 14 14.2 324.87
WDCGG 000001641 2012 08 23 17 17.7 324.78
WDCGG 000001642 2012 08 23 17 17.7 324.65
WDCGG 000001643 2012 08 31 14 14.6 325.18
WDCGG 000001644 2012 08 31 14 14.6 324.62
WDCGG 000001645 2012 09 05 13 13.5 325.18
WDCGG 000001646 2012 09 05 13 13.5 325.17
WDCGG 000001647 2012 09 14 15 15.8 325.48
WDCGG 000001648 2012 09 14 15 15.8 324.79
WDCGG 000001649 2012 09 19 14 14.2 325.72
WDCGG 000001650 2012 09 19 14 14.2 325.40
WDCGG 000001651 2012 09 26 14 14.3 324.89
WDCGG 000001652 2012 09 26 14 14.3 325.27
WDCGG 000001653 2012 10 03 17 17.8 324.59
WDCGG 000001654 2012 10 03 17 17.8 324.78
WDCGG 000001655 2012 10 10 14 14.7 325.17
WDCGG 000001656 2012 10 10 14 14.7 324.79
WDCGG 000001657 2012 10 17 14 14.4 325.30
WDCGG 000001658 2012 10 17 14 14.4 325.09
WDCGG 000001659 2012 10 24 15 15.0 325.16
WDCGG 000001660 2012 10 24 15 15.0 324.93
WDCGG 000001661 2012 11 01 13 13.2 325.72
WDCGG 000001662 2012 11 01 13 13.2 325.20
WDCGG 000001663 2012 11 07 15 15.8 325.20
WDCGG 000001664 2012 11 07 15 15.8 325.45
WDCGG 000001665 2012 11 16 14 14.0 325.63
WDCGG 000001666 2012 11 16 14 14.0 325.54
WDCGG 000001667 2012 11 21 15 15.1 325.59
WDCGG 000001668 2012 11 21 15 15.1 325.63
WDCGG 000001669 2012 11 28 15 15.2 326.02
WDCGG 000001670 2012 11 28 15 15.2 325.83
WDCGG 000001671 2012 12 07 16 16.5 325.86
WDCGG 000001672 2012 12 12 14 14.5 325.86
WDCGG 000001673 2012 12 12 14 14.5 325.86
WDCGG 000001674 2012 12 19 15 15.4 325.81
WDCGG 000001675 2012 12 19 15 15.4 325.51
WDCGG 000001676 2012 12 27 13 13.7 326.24
WDCGG 000001677 2012 12 27 13 13.7 325.91
WDCGG 000001678 2013 01 05 21 21.8 326.07
WDCGG 000001679 2013 01 05 21 21.8 326.29
WDCGG 000001680 2013 01 09 17 17.8 325.78
WDCGG 000001681 2013 01 09 17 17.8 325.76
WDCGG 000001682 2013 01 17 15 15.4 325.64
WDCGG 000001683 2013 01 17 15 15.4 325.85
WDCGG 000001684 2013 01 23 14 14.6 326.29
WDCGG 000001685 2013 01 23 14 14.6 326.06
WDCGG 000001686 2013 01 30 15 15.8 326.34
WDCGG 000001687 2013 02 07 16 16.9 325.70
WDCGG 000001688 2013 02 07 16 16.9 325.63
WDCGG 000001689 2013 02 14 16 16.9 325.68
WDCGG 000001690 2013 02 14 16 16.9 325.64
WDCGG 000001691 2013 02 20 16 16.9 325.77
WDCGG 000001692 2013 02 20 16 16.9 326.30
WDCGG 000001693 2013 02 28 19 19.9 326.48
WDCGG 000001694 2013 02 28 19 19.9 326.29
WDCGG 000001695 2013 03 08 14 14.7 326.18
WDCGG 000001696 2013 03 08 14 14.7 326.30
WDCGG 000001697 2013 03 13 15 15.9 326.13
WDCGG 000001698 2013 03 13 15 15.9 325.92
WDCGG 000001699 2013 03 20 13 13.4 326.31
WDCGG 000001700 2013 03 20 13 13.4 326.09
WDCGG 000001701 2013 03 27 14 14.7 326.35
WDCGG 000001702 2013 03 27 14 14.7 326.35
WDCGG 000001703 2013 04 03 13 13.3 326.24
WDCGG 000001704 2013 04 03 13 13.3 326.29
WDCGG 000001705 2013 04 10 15 15.3 325.79
WDCGG 000001706 2013 04 17 13 13.7 326.23
WDCGG 000001707 2013 04 17 13 13.7 325.99
WDCGG 000001708 2013 04 24 14 14.5 325.91
WDCGG 000001709 2013 05 01 14 14.8 326.41
WDCGG 000001710 2013 05 01 14 14.8 326.46
WDCGG 000001711 2013 05 10 15 15.2 326.36
WDCGG 000001712 2013 05 10 15 15.2 326.19
WDCGG 000001713 2013 05 15 13 13.6 326.29
WDCGG 000001714 2013 05 15 13 13.6 326.76
WDCGG 000001715 2013 05 22 14 14.8 326.78
WDCGG 000001716 2013 05 22 14 14.8 326.80
WDCGG 000001717 2013 05 29 13 13.4 326.41
WDCGG 000001718 2013 05 29 13 13.4 326.27
WDCGG 000001719 2013 06 05 15 15.2 326.40
WDCGG 000001720 2013 06 05 15 15.2 326.22
WDCGG 000001721 2013 06 12 13 13.2 326.33
WDCGG 000001722 2013 06 12 13 13.2 326.19
WDCGG 000001723 2013 06 19 14 14.7 326.52
WDCGG 000001724 2013 06 19 14 14.7 326.26
WDCGG 000001725 2013 06 26 13 13.5 326.05
WDCGG 000001726 2013 06 26 13 13.5 326.37
WDCGG 000001727 2013 07 05 15 15.3 326.09
WDCGG 000001728 2013 07 05 15 15.3 326.25
WDCGG 000001729 2013 07 10 13 13.7 326.06
WDCGG 000001730 2013 07 10 13 13.7 326.07
WDCGG 000001731 2013 07 17 16 16.6 325.97
WDCGG 000001732 2013 07 17 16 16.6 326.17
WDCGG 000001733 2013 07 24 12 13.0 326.21
WDCGG 000001734 2013 07 24 12 13.0 326.08
WDCGG 000001735 2013 07 31 15 15.9 326.00
WDCGG 000001736 2013 07 31 15 15.9 326.16
WDCGG 000001737 2013 08 07 13 13.5 326.21
WDCGG 000001738 2013 08 07 13 13.5 325.87
WDCGG 000001739 2013 08 14 14 14.2 326.00
WDCGG 000001740 2013 08 14 14 14.2 326.10
WDCGG 000001741 2013 08 21 14 14.2 325.82
WDCGG 000001742 2013 08 21 14 14.2 325.90
WDCGG 000001743 2013 08 28 14 14.9 326.01
WDCGG 000001744 2013 08 28 14 14.9 325.72
WDCGG 000001745 2013 09 04 13 13.8 325.48
WDCGG 000001746 2013 09 04 13 13.8 325.60
WDCGG 000001747 2013 09 13 13 13.6 325.97
WDCGG 000001748 2013 09 13 13 13.6 325.70
WDCGG 000001749 2013 09 19 18 18.3 325.70
WDCGG 000001750 2013 09 19 18 18.3 325.90
WDCGG 000001751 2013 09 25 15 15.6 326.19
WDCGG 000001752 2013 09 25 15 15.6 325.73
WDCGG 000001753 2013 10 02 16 16.6 326.15
WDCGG 000001754 2013 10 02 16 16.6 325.93
WDCGG 000001755 2013 10 09 17 17.4 326.19
WDCGG 000001756 2013 10 09 17 17.4 326.23
WDCGG 000001757 2013 10 16 13 13.9 325.97
WDCGG 000001758 2013 10 16 13 13.9 326.05
WDCGG 000001759 2013 10 25 16 17.0 326.10
WDCGG 000001760 2013 10 25 16 17.0 326.47
WDCGG 000001761 2013 10 30 15 15.6 326.23
WDCGG 000001762 2013 10 30 15 15.6 326.21
WDCGG 000001763 2013 11 08 19 19.4 326.52
WDCGG 000001764 2013 11 08 19 19.4 326.48
WDCGG 000001765 2013 11 13 17 17.8 326.38
WDCGG 000001766 2013 11 13 17 17.8 326.48
WDCGG 000001767 2013 11 21 17 17.7 326.41
WDCGG 000001768 2013 11 21 17 17.7 326.66
WDCGG 000001769 2013 11 27 16 16.8 326.86
WDCGG 000001770 2013 11 27 16 16.8 326.50
WDCGG 000001771 2013 12 04 16 16.6 326.25
WDCGG 000001772 2013 12 04 16 16.6 326.65
WDCGG 000001773 2013 12 18 18 18.5 327.05
WDCGG 000001774 2013 12 18 18 18.5 327.20
WDCGG 000001775 2013 12 27 20 20.4 326.75
WDCGG 000001776 2013 12 27 20 20.4 326.58
WDCGG 000001777 2014 01 02 20 20.1 326.89
WDCGG 000001778 2014 01 02 20 20.1 327.15
WDCGG 000001779 2014 01 09 14 14.9 326.59
WDCGG 000001780 2014 01 15 19 19.1 326.71
WDCGG 000001781 2014 01 15 19 19.1 326.87
WDCGG 000001782 2014 01 22 16 16.8 326.74
WDCGG 000001783 2014 01 22 16 16.8 326.92
WDCGG 000001784 2014 01 30 20 20.4 327.01
WDCGG 000001785 2014 01 30 20 20.4 327.20
WDCGG 000001786 2014 02 07 18 18.8 326.96
WDCGG 000001787 2014 02 07 18 18.8 327.02
WDCGG 000001788 2014 02 12 17 17.7 327.20
WDCGG 000001789 2014 02 12 17 17.7 327.08
WDCGG 000001790 2014 02 19 17 17.0 327.11
WDCGG 000001791 2014 02 19 17 17.0 327.35
WDCGG 000001792 2014 02 26 19 19.4 327.55
WDCGG 000001793 2014 02 26 19 19.4 327.11
WDCGG 000001794 2014 03 05 15 15.9 327.11
WDCGG 000001795 2014 03 05 15 15.9 326.86
WDCGG 000001796 2014 03 12 15 15.1 327.64
WDCGG 000001797 2014 03 12 15 15.1 327.58
WDCGG 000001798 2014 03 19 14 14.5 327.12
WDCGG 000001799 2014 03 19 14 14.5 327.32
WDCGG 000001800 2014 03 26 16 16.6 327.48
WDCGG 000001801 2014 03 26 16 16.6 327.34
WDCGG 000001802 2014 04 02 16 16.8 327.49
WDCGG 000001803 2014 04 02 16 16.8 327.41
WDCGG 000001804 2014 04 09 14 14.8 327.39
WDCGG 000001805 2014 04 09 14 14.8 327.34
WDCGG 000001806 2014 04 16 15 15.7 327.14
WDCGG 000001807 2014 04 16 15 15.7 327.33
WDCGG 000001808 2014 04 24 16 16.7 327.26
WDCGG 000001809 2014 04 24 16 16.7 327.14
WDCGG 000001810 2014 04 30 14 14.5 327.26
WDCGG 000001811 2014 04 30 14 14.5 327.25
WDCGG 000001812 2014 05 07 15 15.9 327.17
WDCGG 000001813 2014 05 07 15 15.9 327.39
WDCGG 000001814 2014 05 15 14 14.0 327.33
WDCGG 000001815 2014 05 15 14 14.0 327.30
WDCGG 000001816 2014 05 22 18 18.3 327.43
WDCGG 000001817 2014 05 22 18 18.3 327.03
WDCGG 000001818 2014 05 28 14 14.1 327.55
WDCGG 000001819 2014 05 28 14 14.1 327.42
WDCGG 000001820 2014 06 04 18 18.1 327.17
WDCGG 000001821 2014 06 04 18 18.1 327.23
WDCGG 000001822 2014 06 12 14 14.5 327.34
WDCGG 000001823 2014 06 12 14 14.5 327.46
WDCGG 000001824 2014 06 27 14 14.2 327.69
WDCGG 000001825 2014 06 27 14 14.2 327.59
WDCGG 000001826 2014 07 03 17 17.5 327.37
WDCGG 000001827 2014 07 03 17 17.5 327.27
WDCGG 000001828 2014 07 09 18 18.5 327.31
WDCGG 000001829 2014 07 09 18 18.5 327.40
WDCGG 000001830 2014 07 16 16 16.3 327.12
WDCGG 000001831 2014 07 16 16 16.3 327.27
WDCGG 000001832 2014 07 23 13 13.5 327.43
WDCGG 000001833 2014 07 23 13 13.5 327.54
WDCGG 000001834 2014 07 31 14 14.5 327.60
WDCGG 000001835 2014 07 31 14 14.5 327.25
WDCGG 000001836 2014 08 06 13 13.7 327.41
WDCGG 000001837 2014 08 06 13 13.7 327.31
WDCGG 000001838 2014 08 15 14 14.3 327.43
WDCGG 000001839 2014 08 15 14 14.3 327.34
WDCGG 000001840 2014 08 20 12 12.9 327.40
WDCGG 000001841 2014 08 20 12 12.9 327.39
WDCGG 000001842 2014 08 27 15 15.1 327.67
WDCGG 000001843 2014 08 27 15 15.1 327.49
WDCGG 000001844 2014 09 05 14 14.1 327.58
WDCGG 000001845 2014 09 05 14 14.1 327.38
WDCGG 000001846 2014 09 11 13 13.9 327.59
WDCGG 000001847 2014 09 11 13 13.9 327.56
WDCGG 000001848 2014 09 17 13 13.8 327.42
WDCGG 000001849 2014 09 17 13 13.8 327.59
WDCGG 000001850 2014 09 25 18 18.1 327.52
WDCGG 000001851 2014 09 25 18 18.1 327.53
WDCGG 000001852 2014 10 01 13 13.6 327.82
WDCGG 000001853 2014 10 10 14 14.4 328.05
WDCGG 000001854 2014 10 10 14 14.4 328.07
WDCGG 000001855 2014 10 15 14 14.9 327.89
WDCGG 000001856 2014 10 15 14 14.9 327.88
WDCGG 000001857 2014 10 23 14 14.9 328.01
WDCGG 000001858 2014 10 23 14 14.9 327.89
WDCGG 000001859 2014 10 29 18 18.9 327.51
WDCGG 000001860 2014 10 29 18 18.9 327.51
WDCGG 000001861 2014 11 05 16 16.7 328.02
WDCGG 000001862 2014 11 05 16 16.7 328.00
WDCGG 000001863 2014 11 12 15 15.2 327.84
WDCGG 000001864 2014 11 12 15 15.2 327.77
WDCGG 000001865 2014 11 19 10 10.8 327.92
WDCGG 000001866 2014 11 19 10 10.8 327.95
WDCGG 000001867 2014 11 26 15 16.0 327.48
WDCGG 000001868 2014 11 26 15 16.0 327.84
WDCGG 000001869 2014 12 03 15 15.5 328.30
WDCGG 000001870 2014 12 03 15 15.5 328.25
WDCGG 000001871 2014 12 10 15 15.1 328.38
WDCGG 000001872 2014 12 10 15 15.1 328.43
WDCGG 000001873 2014 12 17 16 16.4 328.58
WDCGG 000001874 2014 12 17 16 16.4 328.53
WDCGG 000001875 2014 12 26 18 18.5 328.41
WDCGG 000001876 2014 12 26 18 18.5 328.46
WDCGG 000001877 2015 01 02 15 15.6 328.30
WDCGG 000001878 2015 01 02 15 15.6 328.22
WDCGG 000001879 2015 01 10 14 14.6 328.22
WDCGG 000001880 2015 01 10 14 14.6 328.13
WDCGG 000001881 2015 01 14 16 16.1 328.21
WDCGG 000001882 2015 01 14 16 16.1 328.40
WDCGG 000001883 2015 01 21 14 14.7 328.43
WDCGG 000001884 2015 01 21 14 14.7 328.39
WDCGG 000001885 2015 01 29 17 17.8 328.28
WDCGG 000001886 2015 01 29 17 17.8 328.69
WDCGG 000001887 2015 02 04 16 16.2 328.39
WDCGG 000001888 2015 02 04 16 16.2 328.55
WDCGG 000001889 2015 02 11 16 16.4 328.49
WDCGG 000001890 2015 02 11 16 16.4 328.61
WDCGG 000001891 2015 02 18 15 15.4 328.52
WDCGG 000001892 2015 02 18 15 15.4 328.57
WDCGG 000001893 2015 02 25 17 17.5 328.98
WDCGG 000001894 2015 02 25 17 17.5 329.24
WDCGG 000001895 2015 03 06 14 14.2 328.54
WDCGG 000001896 2015 03 13 16 16.1 329.07
WDCGG 000001897 2015 03 13 16 16.1 328.82
WDCGG 000001898 2015 03 18 13 13.6 328.57
WDCGG 000001899 2015 03 18 13 13.6 328.94
WDCGG 000001900 2015 03 25 14 14.7 328.63
WDCGG 000001901 2015 03 25 14 14.7 328.84
WDCGG 000001902 2015 04 01 13 13.9 328.64
WDCGG 000001903 2015 04 01 13 13.9 328.31
WDCGG 000001904 2015 04 08 15 15.2 328.42
WDCGG 000001905 2015 04 08 15 15.2 328.16
WDCGG 000001906 2015 04 17 13 13.5 328.26
WDCGG 000001907 2015 04 17 13 13.5 328.35
WDCGG 000001908 2015 04 22 14 14.8 328.61
WDCGG 000001909 2015 05 01 13 13.7 328.34
WDCGG 000001910 2015 05 01 13 13.7 328.12
WDCGG 000001911 2015 05 07 16 16.6 328.83
WDCGG 000001912 2015 05 07 16 16.6 328.57
WDCGG 000001913 2015 05 14 13 13.5 328.40
WDCGG 000001914 2015 05 14 13 13.5 328.49
WDCGG 000001915 2015 05 22 14 14.5 328.53
WDCGG 000001916 2015 05 22 14 14.5 328.38
WDCGG 000001917 2015 05 29 13 13.5 328.41
WDCGG 000001918 2015 05 29 13 13.5 328.22
WDCGG 000001919 2015 06 03 14 14.2 328.11
WDCGG 000001920 2015 06 03 14 14.2 328.33
WDCGG 000001921 2015 06 10 13 13.6 328.48
WDCGG 000001922 2015 06 10 13 13.6 328.38
WDCGG 000001923 2015 06 18 14 14.1 328.68
WDCGG 000001924 2015 06 18 14 14.1 328.31
WDCGG 000001925 2015 06 24 13 13.5 328.37
WDCGG 000001926 2015 06 24 13 13.5 328.65
WDCGG 000001927 2015 07 01 12 12.7 328.47
WDCGG 000001928 2015 07 01 12 12.7 328.14
WDCGG 000001929 2015 07 09 15 15.4 327.95
WDCGG 000001930 2015 07 09 15 15.4 327.99
WDCGG 000001931 2015 07 15 14 14.4 328.08
WDCGG 000001932 2015 07 15 14 14.4 328.34
WDCGG 000001933 2015 07 24 13 13.4 328.44
WDCGG 000001934 2015 07 24 13 13.4 328.47
WDCGG 000001935 2015 07 29 14 14.4 328.24
WDCGG 000001936 2015 08 05 13 13.5 328.05
WDCGG 000001937 2015 08 05 13 13.5 328.13
WDCGG 000001938 2015 08 14 13 13.5 328.10
WDCGG 000001939 2015 08 14 13 13.5 327.93
WDCGG 000001940 2015 08 19 13 13.2 328.28
WDCGG 000001941 2015 08 19 13 13.2 328.01
WDCGG 000001942 2015 08 27 13 13.3 328.49
WDCGG 000001943 2015 08 27 13 13.3 328.42
WDCGG 000001944 2015 09 02 13 13.4 328.30
WDCGG 000001945 2015 09 02 13 13.4 328.92
WDCGG 000001946 2015 09 10 15 15.5 328.30
WDCGG 000001947 2015 09 10 15 15.5 328.40
WDCGG 000001948 2015 09 16 13 13.1 328.44
WDCGG 000001949 2015 09 16 13 13.1 328.57
WDCGG 000001950 2015 09 23 15 15.6 328.41
WDCGG 000001951 2015 09 23 15 15.6 328.01
WDCGG 000001952 2015 09 30 14 14.9 328.40
WDCGG 000001953 2015 09 30 14 14.9 328.54
WDCGG 000001954 2015 10 07 15 15.1 327.35
WDCGG 000001955 2015 10 07 15 15.1 328.45
WDCGG 000001956 2015 10 14 15 15.1 328.90
WDCGG 000001957 2015 10 14 15 15.1 328.71
WDCGG 000001958 2015 10 21 17 17.4 328.03
WDCGG 000001959 2015 10 21 17 17.4 328.18
WDCGG 000001960 2015 10 30 13 13.7 328.41
WDCGG 000001961 2015 10 30 13 13.7 328.77
WDCGG 000001962 2015 11 04 16 16.0 328.95
WDCGG 000001963 2015 11 04 16 16.0 328.73
WDCGG 000001964 2015 11 13 14 14.6 328.90
WDCGG 000001965 2015 11 13 14 14.6 328.98
WDCGG 000001966 2015 11 18 18 18.2 328.71
WDCGG 000001967 2015 11 18 18 18.2 328.91
WDCGG 000001968 2015 11 25 17 17.0 329.10
WDCGG 000001969 2015 11 25 17 17.0 329.07
WDCGG 000001970 2015 12 02 19 19.3 329.20
WDCGG 000001971 2015 12 02 19 19.3 328.81
WDCGG 000001972 2015 12 16 15 15.7 329.05
WDCGG 000001973 2015 12 16 15 15.7 329.28
WDCGG 000001974 2015 12 23 16 16.2 329.46
WDCGG 000001975 2015 12 23 16 16.2 329.54
WDCGG 000001976 2016 01 01 19 19.9 329.75
WDCGG 000001977 2016 01 01 19 19.9 329.48
WDCGG 000001978 2016 01 06 14 14.7 329.42
WDCGG 000001979 2016 01 06 14 14.7 329.39
WDCGG 000001980 2016 01 13 16 16.7 328.89
WDCGG 000001981 2016 01 13 16 16.7 329.32
WDCGG 000001982 2016 01 21 16 16.4 329.26
WDCGG 000001983 2016 01 21 16 16.4 329.43
WDCGG 000001984 2016 01 27 17 17.5 329.39
WDCGG 000001985 2016 01 27 17 17.5 329.53
WDCGG 000001986 2016 02 03 16 16.7 329.64
WDCGG 000001987 2016 02 03 16 16.7 329.48
WDCGG 000001988 2016 02 10 16 16.8 329.61
WDCGG 000001989 2016 02 10 16 16.8 329.78
WDCGG 000001990 2016 02 17 16 16.3 329.54
WDCGG 000001991 2016 02 17 16 16.3 329.70
WDCGG 000001992 2016 02 24 18 18.8 329.46
WDCGG 000001993 2016 02 24 18 18.8 329.41
WDCGG 000001994 2016 03 04 14 14.5 329.51
WDCGG 000001995 2016 03 04 14 14.5 329.83
WDCGG 000001996 2016 03 09 17 17.7 329.53
WDCGG 000001997 2016 03 09 17 17.7 329.56
WDCGG 000001998 2016 03 16 14 14.3 329.37
WDCGG 000001999 2016 03 16 14 14.3 329.57
WDCGG 000002000 2016 03 23 17 17.5 329.59
WDCGG 000002001 2016 03 23 17 17.5 329.66
WDCGG 000002002 2016 03 30 15 15.9 329.73
WDCGG 000002003 2016 03 30 15 15.9 329.69
WDCGG 000002004 2016 04 06 16 16.1 329.77
WDCGG 000002005 2016 04 06 16 16.1 329.54
WDCGG 000002006 2016 04 13 13 13.7 329.72
WDCGG 000002007 2016 04 13 13 13.7 329.69
WDCGG 000002008 2016 04 20 15 15.4 329.57
WDCGG 000002009 2016 04 20 15 15.4 329.18
WDCGG 000002010 2016 04 28 13 13.7 329.53
WDCGG 000002011 2016 04 28 13 13.7 329.28
WDCGG 000002012 2016 05 06 15 15.2 329.60
WDCGG 000002013 2016 05 06 15 15.2 329.53
WDCGG 000002014 2016 05 12 14 14.1 329.50
WDCGG 000002015 2016 05 12 14 14.1 329.45
WDCGG 000002016 2016 05 18 14 14.8 329.11
WDCGG 000002017 2016 05 18 14 14.8 329.50
WDCGG 000002018 2016 05 25 16 16.6 329.55
WDCGG 000002019 2016 05 25 16 16.6 330.10
WDCGG 000002020 2016 06 01 15 15.5 329.71
WDCGG 000002021 2016 06 08 16 16.2 329.52
WDCGG 000002022 2016 06 08 16 16.2 329.60
WDCGG 000002023 2016 06 18 14 14.3 329.49
WDCGG 000002024 2016 06 18 14 14.3 329.44
WDCGG 000002025 2016 06 22 14 14.4 329.55
WDCGG 000002026 2016 06 22 14 14.4 329.46
WDCGG 000002027 2016 06 30 15 15.3 329.09
WDCGG 000002028 2016 06 30 15 15.3 328.99
WDCGG 000002029 2016 07 08 13 13.5 329.01
WDCGG 000002030 2016 07 08 13 13.5 329.17
WDCGG 000002031 2016 07 14 14 14.7 328.75
WDCGG 000002032 2016 07 14 14 14.7 329.48
WDCGG 000002033 2016 07 20 13 13.6 329.85
WDCGG 000002034 2016 07 20 13 13.6 329.80
WDCGG 000002035 2016 07 20 13 13.6 329.72
WDCGG 000002036 2016 07 27 15 15.8 329.13
WDCGG 000002037 2016 07 27 15 15.8 328.14
WDCGG 000002038 2016 08 03 13 13.6 329.31
WDCGG 000002039 2016 08 12 15 15.7 328.97
WDCGG 000002040 2016 08 17 14 14.4 328.85
WDCGG 000002041 2016 08 17 14 14.4 328.44
WDCGG 000002042 2016 08 24 15 15.4 328.88
WDCGG 000002043 2016 08 24 15 15.4 328.75
WDCGG 000002044 2016 08 31 14 14.5 328.86
WDCGG 000002045 2016 08 31 14 14.5 328.59
WDCGG 000002046 2016 09 08 15 15.2 329.09
WDCGG 000002047 2016 09 08 15 15.2 329.09
WDCGG 000002048 2016 09 15 13 14.0 328.78
WDCGG 000002049 2016 09 15 13 14.0 328.87
WDCGG 000002050 2016 09 21 16 16.8 329.11
WDCGG 000002051 2016 09 21 16 16.8 328.84
WDCGG 000002052 2016 09 28 14 14.0 329.08
WDCGG 000002053 2016 09 28 14 14.0 328.75
WDCGG 000002054 2016 10 05 16 16.6 329.09
WDCGG 000002055 2016 10 05 16 16.6 329.01
WDCGG 000002056 2016 10 13 14 14.4 329.00
WDCGG 000002057 2016 10 13 14 14.4 329.23
WDCGG 000002058 2016 10 21 15 15.4 329.19
WDCGG 000002059 2016 10 21 15 15.4 328.57
WDCGG 000002060 2016 10 26 14 14.4 329.63
WDCGG 000002061 2016 10 26 14 14.4 330.05
WDCGG 000002062 2016 11 02 16 16.2 329.66
WDCGG 000002063 2016 11 02 16 16.2 329.96
WDCGG 000002064 2016 11 12 17 17.9 329.47
WDCGG 000002065 2016 11 12 17 17.9 329.54
WDCGG 000002066 2016 11 16 16 16.8 329.44
WDCGG 000002067 2016 11 16 16 16.8 329.86
WDCGG 000002068 2016 11 24 15 15.2 329.26
WDCGG 000002069 2016 11 24 15 15.2 329.57
WDCGG 000002070 2016 11 30 16 16.1 330.55
WDCGG 000002071 2016 11 30 16 16.1 329.57
WDCGG 000002072 2016 12 09 14 14.9 329.61
WDCGG 000002073 2016 12 09 14 14.9 330.17
WDCGG 000002074 2016 12 15 15 15.9 330.27
WDCGG 000002075 2016 12 15 15 15.9 329.42
WDCGG 000002076 2016 12 21 15 15.9 329.67
WDCGG 000002077 2016 12 21 15 15.9 330.12
WDCGG 000002078 2016 12 30 17 17.7 330.28
WDCGG 000002079 2016 12 30 17 17.7 329.82
