    Time       Tim        CO2       Fit      Trn
   1957.2230   1957.2218   314.26   314.28   314.78
   1957.4694   1957.4682   314.55   314.88   315.06
   1957.4722   1957.4709   315.17   314.91   315.06
   1957.7389   1957.7392   315.34   315.80   315.35
   1957.7416   1957.7420   315.38   315.83   315.35
   1957.7444   1957.7447   316.31   315.87   315.35
   1958.0134   1958.0130   315.62   315.41   315.58
   1958.0188   1958.0185   314.99   315.35   315.58
   1958.0295   1958.0294   315.19   315.25   315.59
   1958.0726   1958.0732   315.07   315.05   315.62
   1958.1250   1958.1253   315.13   315.15   315.66
   1958.2042   1958.2047   315.16   315.08   315.71
   1958.2446   1958.2457   315.02   315.09   315.73
   1958.2916   1958.2923   316.47   315.26   315.76
   1958.3306   1958.3306   316.87   315.44   315.78
   1958.3710   1958.3717   316.23   315.64   315.80
   1958.4556   1958.4565   317.14   316.06   315.85
   1958.4972   1958.4976   317.56   316.34   315.87
   1958.5376   1958.5387   316.60   316.67   315.89
   1958.5780   1958.5770   316.83   316.81   315.91
   1958.6210   1958.6208   316.78   316.62   315.94
   1958.6614   1958.6619   316.10   316.30   315.96
   1958.7139   1958.7139   316.30   316.18   315.99
   1958.7472   1958.7467   316.22   316.27   316.02
   1958.8556   1958.8563   316.45   316.33   316.09
   1958.8584   1958.8590   316.33   316.32   316.09
   1958.8612   1958.8617   316.54   316.31   316.10
   1958.8639   1958.8645   316.38   316.30   316.10
   1958.8667   1958.8672   316.59   316.29   316.10
   1958.8695   1958.8700   316.12   316.28   316.10
   1958.8723   1958.8727   316.28   316.27   316.10
   1958.8778   1958.8782   316.16   316.25   316.11
   1958.8806   1958.8809   316.16   316.24   316.11
   1958.9000   1958.9001   316.14   316.18   316.13
   1959.2042   1959.2040   347.70   315.75   316.40
   1959.2446   1959.2450   351.79   315.80   316.45
   1959.2583   1959.2587   317.94   315.83   316.46
   1959.3306   1959.3299   318.89   316.06   316.54
   1959.3817   1959.3819   318.90   316.21   316.60
   1959.4166   1959.4175   327.80   316.27   316.64
   1959.4249   1959.4257   316.31   316.29   316.65
   1959.4556   1959.4559   324.63   316.40   316.68
   1959.5027   1959.5024   316.56   316.62   316.74
   1959.5376   1959.5380   330.22   316.67   316.78
   1959.5834   1959.5845   327.80   316.67   316.83
   1959.5995   1959.5982   316.82   316.74   316.84
   1959.6263   1959.6256   318.26   317.03   316.87
   1959.6317   1959.6311   316.63   317.11   316.88
   1959.6614   1959.6612   317.90   317.58   316.91
   1959.7056   1959.7050   326.41   318.02   316.96
   1959.7472   1959.7461   318.55   317.98   317.00
   1959.7876   1959.7871   336.55   317.85   317.04
   1959.8280   1959.8282   332.19   317.83   317.08
   1959.8723   1959.8720   327.59   317.74   317.12
   1960.0863   1960.0856   317.03   317.04   317.28
   1960.1610   1960.1622   317.09   317.08   317.32
   1960.2069   1960.2060   327.27   317.03   317.34
   1960.2528   1960.2526   318.91   317.05   317.36
   1960.2583   1960.2580   318.28   317.06   317.36
   1960.3790   1960.3785   317.69   316.97   317.40
   1960.3979   1960.3977   316.84   316.91   317.40
   1960.4141   1960.4141   317.18   316.89   317.40
   1960.4360   1960.4360   316.72   316.91   317.41
   1960.4778   1960.4771   317.01   317.00   317.41
   1960.5081   1960.5072   317.26   317.03   317.41
   1960.5188   1960.5181   316.86   317.02   317.41
   1960.5591   1960.5592   317.03   317.03   317.42
   1960.5914   1960.5921   334.40   317.17   317.42
   1960.5995   1960.6003   317.24   317.23   317.42
   1960.6533   1960.6523   317.49   317.70   317.42
   1960.6666   1960.6660   318.46   317.80   317.42
   1960.6777   1960.6769   317.83   317.87   317.42
   1960.7056   1960.7043   317.87   317.96   317.42
   1960.7607   1960.7618   317.90   317.87   317.42
   1960.7957   1960.7947   317.95   317.76   317.41
   1960.8199   1960.8193   317.51   317.73   317.41
   1960.8528   1960.8522   317.76   317.77   317.41
   1960.8917   1960.8905   319.23   317.85   317.41
   1960.9354   1960.9343   317.75   317.80   317.42
   1960.9677   1960.9671   320.87   317.65   317.42
   1960.9757   1960.9754   317.58   317.61   317.42
   1961.0242   1961.0246   317.49   317.45   317.42
   1961.0457   1961.0465   318.79   317.42   317.42
   1961.1042   1961.1040   317.31   317.32   317.43
   1961.1459   1961.1451   317.22   317.19   317.44
   1961.1774   1961.1780   318.99   317.09   317.45
   1961.1854   1961.1862   317.09   317.07   317.45
   1961.2257   1961.2245   317.03   317.04   317.47
   1961.2611   1961.2601   319.12   317.05   317.48
   1961.2694   1961.2683   317.03   317.06   317.48
   1961.3112   1961.3121   317.20   317.13   317.50
   1961.3495   1961.3504   318.14   317.19   317.52
   1961.3522   1961.3532   317.10   317.20   317.52
   1961.3898   1961.3888   317.26   317.24   317.54
   1961.4360   1961.4353   317.33   317.27   317.56
   1961.4445   1961.4435   320.02   317.28   317.57
   1961.4916   1961.4928   317.22   317.26   317.60
   1961.5215   1961.5202   317.16   317.24   317.62
   1961.5349   1961.5339   322.87   317.24   317.63
   1961.5591   1961.5585   317.41   317.29   317.65
   1961.5618   1961.5613   322.49   317.30   317.65
   1961.5968   1961.5969   323.84   317.58   317.68
   1961.6022   1961.6023   317.53   317.63   317.68
   1961.6425   1961.6434   317.75   318.09   317.71
   1961.6641   1961.6653   319.05   318.24   317.73
   1961.6833   1961.6845   317.99   318.29   317.75
   1961.7000   1961.7009   318.19   318.28   317.76
   1961.7278   1961.7283   318.14   318.22   317.79
   1961.7742   1961.7748   319.57   318.27   317.83
   1961.7849   1961.7858   321.41   318.32   317.84
   1961.7983   1961.7995   322.45   318.38   317.85
   1961.8445   1961.8433   319.98   318.54   317.90
   1961.9354   1961.9363   318.69   318.66   317.99
   1961.9757   1961.9747   318.57   318.59   318.02
   1962.0188   1962.0185   318.31   318.27   318.06
   1962.0591   1962.0595   317.95   317.99   318.10
   1962.0983   1962.0979   319.19   317.90   318.14
   1962.1042   1962.1034   317.88   317.90   318.14
   1962.1429   1962.1417   322.61   317.80   318.18
   1962.1459   1962.1472   317.86   317.78   318.18
   1962.1548   1962.1554   321.95   317.74   318.19
   1962.1666   1962.1663   323.32   317.67   318.20
   1962.1854   1962.1855   317.59   317.56   318.22
   1962.2042   1962.2047   318.59   317.49   318.23
   1962.2257   1962.2266   317.36   317.49   318.25
   1962.2500   1962.2512   319.71   317.63   318.27
   1962.2889   1962.2895   318.13   317.98   318.30
   1962.2916   1962.2923   317.73   318.00   318.31
   1962.3167   1962.3169   318.11   318.17   318.32
   1962.3334   1962.3333   318.04   318.23   318.34
   1962.3468   1962.3470   318.39   318.24   318.35
   1962.3522   1962.3525   318.36   318.24   318.35
   1962.3710   1962.3717   320.90   318.23   318.36
   1962.3898   1962.3908   326.35   318.22   318.38
   1962.3925   1962.3936   318.17   318.22   318.38
   1962.4166   1962.4155   318.34   318.25   318.39
   1962.4417   1962.4428   320.98   318.32   318.41
   1962.4445   1962.4456   318.41   318.32   318.41
   1962.4528   1962.4538   318.28   318.34   318.42
   1962.4778   1962.4784   318.23   318.35   318.43
   1962.5000   1962.5003   318.36   318.31   318.44
   1962.5161   1962.5168   318.32   318.28   318.45
   1962.5269   1962.5277   318.09   318.27   318.46
   1962.5349   1962.5359   319.03   318.27   318.46
   1962.5618   1962.5606   318.21   318.36   318.47
   1962.5834   1962.5825   318.09   318.53   318.48
   1962.5861   1962.5852   318.72   318.55   318.49
   1962.6022   1962.6016   318.57   318.70   318.49
   1962.6263   1962.6263   318.95   318.84   318.50
   1962.6666   1962.6674   318.95   318.77   318.52
   1962.6860   1962.6865   318.47   318.67   318.53
   1962.7056   1962.7057   318.09   318.61   318.53
   1962.7250   1962.7248   318.58   318.65   318.54
   1962.7305   1962.7303   318.60   318.68   318.54
   1962.7500   1962.7495   336.93   318.82   318.55
   1962.7581   1962.7577   319.00   318.89   318.55
   1962.7769   1962.7769   318.92   319.05   318.55
   1962.7876   1962.7878   319.38   319.11   318.56
   1962.7983   1962.7988   319.07   319.14   318.56
   1962.8253   1962.8261   319.20   319.07   318.57
   1962.8280   1962.8289   318.89   319.05   318.57
   1962.8307   1962.8316   318.87   319.03   318.57
   1964.0834   1964.0828   318.90   318.86   319.08
   1964.0978   1964.0965   318.84   318.79   319.09
   1964.1237   1964.1239   318.55   318.65   319.12
   1964.1294   1964.1294   318.61   318.62   319.13
   1964.1666   1964.1677   318.57   318.54   319.17
   1964.2042   1964.2033   318.55   318.60   319.21
   1964.2500   1964.2498   318.69   318.65   319.27
   1964.2889   1964.2882   318.62   318.62   319.32
   1964.3710   1964.3703   318.99   319.01   319.42
   1964.4556   1964.4552   319.40   319.19   319.54
   1964.4750   1964.4743   318.89   319.23   319.56
   1964.5000   1964.4990   320.50   319.33   319.60
   1964.5376   1964.5373   319.79   319.50   319.65
   1964.5537   1964.5537   319.47   319.54   319.67
   1964.5834   1964.5838   319.50   319.58   319.71
   1964.6210   1964.6222   319.67   319.75   319.77
   1964.6666   1964.6660   320.34   320.30   319.83
   1964.7056   1964.7043   320.82   320.81   319.88
   1964.7250   1964.7262   322.66   320.95   319.91
   1964.7500   1964.7509   320.97   320.95   319.95
   1964.7876   1964.7864   322.67   320.75   319.99
   1964.8037   1964.8029   321.96   320.63   320.02
   1964.8334   1964.8330   322.44   320.42   320.06
   1964.8723   1964.8713   320.17   320.26   320.11
   1964.9193   1964.9206   320.29   320.24   320.17
   1964.9569   1964.9562   320.26   320.31   320.22
   1965.0000   1965.0000   320.45   320.39   320.27
   1965.0483   1965.0493   320.29   320.33   320.33
   1965.0923   1965.0931   336.33   320.11   320.39
   1965.0953   1965.0958   320.14   320.10   320.39
   1965.1072   1965.1068   320.26   320.04   320.40
   1965.1281   1965.1287   319.80   319.94   320.43
   1965.2257   1965.2245   320.07   320.08   320.53
   1965.2750   1965.2738   320.28   320.26   320.59
   1965.3387   1965.3395   320.37   320.38   320.65
   1965.3763   1965.3751   321.05   320.35   320.68
   1965.4333   1965.4326   320.39   320.45   320.74
   1965.4694   1965.4682   348.93   320.79   320.77
   1965.5000   1965.5010   343.18   321.12   320.80
   1965.5376   1965.5366   321.44   321.24   320.82
   1965.5861   1965.5859   320.82   321.04   320.86
   1965.6210   1965.6215   321.18   321.03   320.89
   1965.7056   1965.7064   321.40   321.43   320.95
   1965.7500   1965.7502   321.52   321.43   320.98
   1965.7876   1965.7885   321.40   321.50   321.00
   1965.8334   1965.8323   321.65   321.59   321.03
   1965.8723   1965.8734   321.51   321.47   321.05
   1965.9220   1965.9227   321.13   321.16   321.08
   1966.0834   1966.0842   321.10   321.07   321.17
   1966.1666   1966.1663   322.36   320.95   321.22
   1966.2042   1966.2047   348.22   320.88   321.24
   1966.2500   1966.2512   320.89   320.83   321.26
   1966.2889   1966.2895   320.78   320.86   321.28
   1966.3334   1966.3333   320.95   320.93   321.31
   1966.3710   1966.3717   320.99   320.96   321.33
   1966.4166   1966.4155   320.94   320.96   321.35
   1966.4556   1966.4565   320.89   320.92   321.38
   1966.5000   1966.5003   321.03   320.94   321.40
   1966.5376   1966.5387   320.94   321.11   321.43
   1966.5834   1966.5825   321.54   321.54   321.46
   1966.6237   1966.6235   322.05   321.96   321.48
   1966.6694   1966.6701   321.96   322.11   321.52
   1966.7139   1966.7139   322.16   321.97   321.55
   1966.7500   1966.7495   321.80   321.87   321.57
   1966.7876   1966.7878   321.79   321.82   321.60
   1966.8334   1966.8344   321.76   321.75   321.64
   1966.8723   1966.8727   321.88   321.79   321.67
   1966.9056   1966.9055   321.81   321.98   321.70
   1966.9166   1966.9165   321.84   322.05   321.71
   1966.9542   1966.9548   322.41   322.22   321.74
   1967.0242   1967.0233   321.56   321.79   321.80
   1967.0834   1967.0835   323.16   321.78   321.86
   1967.1250   1967.1246   322.09   322.12   321.89
   1967.1666   1967.1656   322.16   322.20   321.93
   1967.2042   1967.2040   322.14   321.96   321.97
   1967.2500   1967.2505   321.56   321.62   322.02
   1967.2889   1967.2888   325.43   321.51   322.06
   1967.3334   1967.3326   324.99   321.50   322.10
   1967.3710   1967.3710   321.46   321.46   322.14
   1967.4166   1967.4175   392.89   321.41   322.19
   1967.4556   1967.4559   321.44   321.51   322.23
   1967.5000   1967.4997   324.74   321.82   322.28
   1967.5376   1967.5380   321.51   322.16   322.32
   1967.5834   1967.5845   343.48   322.56   322.37
   1967.6210   1967.6201   356.73   322.86   322.41
   1967.6666   1967.6667   321.48   323.22   322.46
   1967.7056   1967.7050   325.07   323.44   322.50
   1967.7500   1967.7488   323.62   323.65   322.54
   1967.7876   1967.7871   323.87   323.77   322.58
   1967.8861   1967.8857   342.38   322.90   322.69
   1967.9247   1967.9240   324.52   322.70   322.73
   1967.9462   1967.9459   322.49   322.75   322.75
   1967.9623   1967.9624   322.97   322.82   322.76
   1967.9812   1967.9815   322.45   322.87   322.78
   1967.9973   1967.9979   323.64   322.84   322.80
   1968.0188   1968.0198   322.39   322.70   322.82
   1968.0510   1968.0500   322.43   322.40   322.85
   1968.0780   1968.0773   322.19   322.23   322.88
   1968.1093   1968.1102   323.77   322.31   322.91
   1968.1494   1968.1485   322.52   322.48   322.95
   1968.1908   1968.1896   322.26   322.32   322.99
   1968.2284   1968.2279   325.47   322.11   323.02
   1968.2667   1968.2663   322.24   322.39   323.06
   1968.3055   1968.3046   325.87   322.98   323.10
   1968.3441   1968.3429   323.51   323.18   323.13
   1968.3817   1968.3812   322.61   322.85   323.17
   1968.4194   1968.4196   356.48   322.57   323.20
   1968.4583   1968.4579   322.73   322.74   323.23
   1968.4972   1968.4962   323.00   323.08   323.27
   1968.5349   1968.5346   323.31   323.27   323.30
   1968.5726   1968.5729   323.36   323.39   323.34
   1968.6102   1968.6112   323.55   323.65   323.37
   1968.6479   1968.6468   324.12   323.96   323.40
   1968.6860   1968.6851   323.98   324.17   323.44
   1968.7278   1968.7290   324.33   324.13   323.48
   1968.7634   1968.7645   323.93   324.02   323.51
   1968.8417   1968.8412   323.95   323.96   323.58
   1968.8723   1968.8713   324.00   323.97   323.61
   1968.9166   1968.9179   324.97   323.93   323.66
   1968.9542   1968.9535   324.89   323.87   323.69
   1969.0027   1969.0027   323.76   323.76   323.74
   1969.0376   1969.0383   323.68   323.66   323.78
   1969.0834   1969.0821   323.56   323.59   323.82
   1969.1250   1969.1259   323.57   323.57   323.87
   1969.1720   1969.1725   323.51   323.48   323.92
   1969.2096   1969.2108   323.46   323.42   323.96
   1969.2393   1969.2382   323.36   323.45   323.99
   1969.3361   1969.3368   323.75   323.74   324.10
   1969.4194   1969.4189   324.07   324.00   324.20
   1969.4611   1969.4600   324.20   324.24   324.25
   1969.5027   1969.5038   324.37   324.38   324.30
   1969.5376   1969.5366   324.40   324.38   324.34
   1969.5914   1969.5914   324.41   324.49   324.41
   1969.6263   1969.6270   324.85   324.79   324.45
   1969.6722   1969.6735   325.11   325.30   324.51
   1969.7083   1969.7091   325.68   325.45   324.55
   1969.7500   1969.7502   325.21   325.31   324.60
   1969.7957   1969.7967   325.15   325.14   324.66
   1969.8417   1969.8405   325.17   325.17   324.71
   1969.8723   1969.8734   325.23   325.20   324.75
   1969.9166   1969.9172   326.98   325.17   324.80
   1969.9542   1969.9555   327.31   325.10   324.84
   1970.0000   1969.9993   325.00   324.94   324.89
   1970.0376   1970.0376   324.69   324.76   324.93
   1970.0834   1970.0842   325.79   324.62   324.98
   1970.1250   1970.1253   324.60   324.54   325.02
   1970.1666   1970.1663   324.35   324.40   325.06
   1970.2042   1970.2047   327.91   324.32   325.10
   1970.2500   1970.2512   324.41   324.42   325.14
   1970.2889   1970.2895   324.49   324.53   325.18
   1970.3334   1970.3333   335.10   324.58   325.21
   1970.3710   1970.3717   324.67   324.67   325.24
   1970.4166   1970.4155   324.78   324.85   325.28
   1970.4556   1970.4565   324.94   324.90   325.31
   1970.5000   1970.5003   334.57   325.02   325.34
   1970.5376   1970.5387   325.15   325.44   325.36
   1970.5834   1970.5825   326.17   325.95   325.39
   1970.6210   1970.6208   379.86   325.99   325.41
   1970.6666   1970.6674   325.66   325.75   325.44
   1970.7056   1970.7057   325.81   325.73   325.46
   1970.7500   1970.7495   330.13   325.85   325.48
   1970.7876   1970.7878   343.74   325.84   325.50
   1970.8334   1970.8344   325.78   325.78   325.53
   1970.8501   1970.8508   330.88   325.79   325.54
   1970.8723   1970.8727   331.88   325.83   325.55
   1970.9166   1970.9165   336.86   325.93   325.57
   1970.9623   1970.9630   344.43   326.02   325.60
   1971.0376   1971.0370   327.17   326.07   325.64
   1971.0863   1971.0862   326.12   326.11   325.67
   1971.1250   1971.1246   327.39   326.02   325.69
   1971.1666   1971.1656   325.84   325.61   325.72
   1971.2042   1971.2040   325.05   325.17   325.75
   1971.2500   1971.2505   325.09   325.04   325.78
   1971.2889   1971.2888   325.18   325.20   325.81
   1971.3334   1971.3326   325.21   325.25   325.85
   1971.3710   1971.3710   325.32   325.28   325.89
   1971.4166   1971.4175   325.56   325.69   325.93
   1971.4556   1971.4559   325.97   326.04   325.97
   1971.5000   1971.4997   326.28   326.04   326.02
   1971.5376   1971.5380   325.80   326.04   326.07
   1971.5861   1971.5873   325.20   326.45   326.13
   1971.6210   1971.6201   326.85   326.69   326.17
   1971.6722   1971.6721   326.51   326.61   326.24
   1971.7056   1971.7050   326.47   326.53   326.29
   1971.7527   1971.7515   326.74   326.67   326.36
   1971.7983   1971.7981   325.28   326.86   326.43
   1971.8612   1971.8611   326.87   326.96   326.53
   1971.8861   1971.8857   327.17   326.96   326.58
   1971.9247   1971.9240   326.88   326.92   326.64
   1971.9677   1971.9678   326.75   326.85   326.72
   1972.0081   1972.0089   326.80   326.73   326.79
   1972.0430   1972.0418   326.71   326.53   326.85
   1972.0834   1972.0828   325.99   326.28   326.92
   1972.1237   1972.1239   326.34   326.22   327.00
   1972.1666   1972.1677   326.34   326.32   327.08
   1972.2042   1972.2033   326.34   326.42   327.14
   1972.2500   1972.2498   326.61   326.63   327.23
   1972.2889   1972.2882   326.92   326.86   327.30
   1972.3710   1972.3703   327.08   327.12   327.44
   1972.4194   1972.4196   327.29   327.28   327.53
   1972.4556   1972.4552   327.42   327.40   327.59
   1972.5000   1972.4990   327.54   327.57   327.66
   1972.5376   1972.5373   327.72   327.83   327.72
   1972.5887   1972.5893   328.40   328.24   327.79
   1972.6237   1972.6249   328.25   328.42   327.85
   1972.6666   1972.6660   328.61   328.55   327.90
   1972.7111   1972.7098   328.68   328.65   327.96
   1972.7500   1972.7509   328.63   328.66   328.01
   1972.7876   1972.7864   328.61   328.62   328.05
   1972.8334   1972.8330   328.63   328.61   328.10
   1972.9193   1972.9206   328.66   328.65   328.19
   1973.0000   1973.0000   328.45   328.43   328.25
   1973.0376   1973.0383   328.24   328.27   328.28
   1973.1072   1973.1068   328.12   328.12   328.33
   1973.1720   1973.1725   328.14   328.13   328.37
   1973.2257   1973.2245   328.04   327.99   328.40
   1973.2528   1973.2519   327.87   327.94   328.41
   1973.2889   1973.2902   328.02   327.98   328.43
   1973.4222   1973.4216   327.88   327.84   328.49
   1973.4556   1973.4545   327.81   327.94   328.51
   1973.5000   1973.5010   328.33   328.28   328.53
   1973.5376   1973.5366   328.44   328.45   328.55
   1973.5861   1973.5859   328.52   328.56   328.57
   1973.6263   1973.6270   328.72   328.72   328.60
   1973.7083   1973.7091   328.90   328.94   328.64
   1973.7527   1973.7529   329.01   328.98   328.67
   1973.7930   1973.7940   329.04   329.10   328.70
   1973.8417   1973.8405   329.27   329.17   328.73
   1973.8750   1973.8761   329.03   329.11   328.76
   1973.9193   1973.9199   329.05   329.00   328.80
   1973.9542   1973.9555   328.97   328.96   328.83
   1974.0134   1974.0130   328.88   328.93   328.88
   1974.0376   1974.0376   328.95   328.93   328.91
   1974.0834   1974.0842   328.97   328.94   328.95
   1974.1250   1974.1253   328.90   328.92   329.00
   1974.1666   1974.1663   328.86   328.85   329.04
   1974.2042   1974.2047   328.85   328.83   329.09
   1974.2611   1974.2621   328.91   328.92   329.15
   1974.2889   1974.2895   328.91   328.94   329.19
   1974.3334   1974.3333   328.96   328.90   329.24
   1974.3710   1974.3717   328.82   328.87   329.29
   1974.4166   1974.4155   328.94   328.94   329.34
   1974.4556   1974.4565   329.07   329.08   329.40
   1974.5000   1974.5003   329.21   329.22   329.45
   1974.5376   1974.5387   329.30   329.36   329.51
   1974.5834   1974.5825   329.62   329.61   329.56
   1974.6210   1974.6208   329.84   329.86   329.61
   1974.6666   1974.6674   330.07   330.09   329.67
   1974.7111   1974.7112   330.28   330.27   329.73
   1974.7500   1974.7495   330.38   330.45   329.78
   1974.7903   1974.7906   330.70   330.60   329.83
   1974.8334   1974.8344   330.49   330.57   329.88
   1974.9083   1974.9083   330.41   330.32   329.97
   1974.9166   1974.9165   330.25   330.32   329.98
   1974.9542   1974.9548   330.35   330.38   330.03
   1975.0403   1975.0397   332.83   330.21   330.12
   1975.0863   1975.0862   330.11   330.12   330.17
   1975.0894   1975.0890   330.11   330.12   330.17
   1975.0953   1975.0945   330.14   330.11   330.18
   1975.0983   1975.0972   329.86   330.10   330.18
   1975.1250   1975.1246   330.01   330.00   330.21
   1975.1666   1975.1656   329.93   329.63   330.25
   1975.2069   1975.2067   329.02   329.28   330.29
   1975.2528   1975.2533   329.47   329.40   330.34
   1975.2889   1975.2888   329.70   329.72   330.38
   1975.3334   1975.3326   329.88   329.92   330.42
   1975.3710   1975.3710   329.88   329.89   330.46
   1975.4166   1975.4175   329.97   329.90   330.50
   1975.4556   1975.4559   329.87   330.03   330.54
   1975.5000   1975.4997   330.34   330.26   330.58
   1975.5376   1975.5380   330.39   330.52   330.62
   1975.5834   1975.5845   330.90   330.84   330.67
   1975.6210   1975.6201   330.93   331.03   330.71
   1975.6694   1975.6694   331.32   331.26   330.76
   1975.7083   1975.7077   331.36   331.45   330.80
   1975.7500   1975.7488   331.63   331.61   330.85
   1975.7903   1975.7899   331.75   331.70   330.90
   1975.8334   1975.8337   331.66   331.76   330.95
   1975.8806   1975.8802   331.87   331.73   331.01
   1975.9166   1975.9158   331.53   331.57   331.06
   1975.9542   1975.9541   331.37   331.37   331.11
   1976.0000   1976.0007   331.20   331.23   331.18
   1976.0403   1976.0390   331.32   331.22   331.23
   1976.0920   1976.0910   330.99   331.13   331.32
   1976.0948   1976.0938   330.99   331.12   331.32
   1976.0978   1976.0965   330.97   331.10   331.32
   1976.1237   1976.1239   331.16   330.98   331.37
   1976.1666   1976.1677   330.80   330.86   331.44
   1976.2042   1976.2033   330.88   330.95   331.50
   1976.2500   1976.2498   331.25   331.19   331.58
   1976.2889   1976.2882   331.31   331.30   331.65
   1976.3763   1976.3758   331.47   331.39   331.81
   1976.4166   1976.4168   331.45   331.51   331.89
   1976.4556   1976.4552   331.64   331.64   331.96
   1976.5000   1976.4990   331.85   331.86   332.04
   1976.5376   1976.5373   332.05   332.07   332.12
   1976.5834   1976.5838   332.28   332.27   332.21
   1976.6210   1976.6222   332.41   332.44   332.29
   1976.6666   1976.6660   332.64   332.68   332.37
   1976.7056   1976.7043   332.96   332.89   332.45
   1976.7554   1976.7563   333.00   333.07   332.55
   1976.7849   1976.7837   333.13   333.15   332.60
   1976.8334   1976.8330   333.37   333.29   332.69
   1976.8723   1976.8713   333.25   333.32   332.76
   1976.9193   1976.9206   333.27   333.23   332.85
   1976.9623   1976.9617   333.13   333.07   332.92
   1977.0054   1977.0055   332.74   332.90   333.00
   1977.0403   1977.0411   332.97   332.80   333.06
   1977.0834   1977.0821   332.58   332.73   333.13
   1977.1281   1977.1287   332.83   332.73   333.20
   1977.1720   1977.1725   332.72   332.82   333.27
   1977.2556   1977.2546   332.97   332.96   333.39
   1977.3000   1977.3012   332.93   332.97   333.45
   1977.3334   1977.3340   343.61   333.01   333.50
   1977.4166   1977.4162   333.20   333.23   333.60
   1977.4611   1977.4600   333.42   333.43   333.66
   1977.5000   1977.5010   333.66   333.66   333.71
   1977.5403   1977.5394   333.81   333.87   333.75
   1977.5834   1977.5832   334.14   334.10   333.80
   1977.6210   1977.6215   334.23   334.33   333.84
   1977.7083   1977.7091   334.69   334.77   333.94
   1977.7500   1977.7502   334.88   334.82   333.98
   1977.7876   1977.7885   334.77   334.78   334.02
   1977.8390   1977.8378   334.62   334.64   334.08
   1977.8723   1977.8734   334.57   334.54   334.12
   1977.9166   1977.9172   334.44   334.42   334.17
   1978.0000   1977.9993   334.20   334.09   334.26
   1978.0376   1978.0376   333.92   334.05   334.31
   1978.0834   1978.0842   334.13   334.06   334.37
   1978.1250   1978.1253   334.01   333.93   334.42
   1978.1666   1978.1663   333.68   333.82   334.48
   1978.2042   1978.2047   333.95   333.90   334.53
   1978.2528   1978.2539   334.09   334.11   334.61
   1978.2916   1978.2923   334.18   334.16   334.66
   1978.3361   1978.3361   334.14   334.23   334.73
   1978.3710   1978.3717   334.40   334.35   334.79
   1978.4194   1978.4182   334.47   334.46   334.87
   1978.4556   1978.4565   334.43   334.56   334.93
   1978.5000   1978.5003   334.92   334.87   335.01
   1978.5376   1978.5387   335.17   335.24   335.08
   1978.5834   1978.5825   335.47   335.52   335.17
   1978.6210   1978.6208   335.75   335.65   335.24
   1978.6666   1978.6674   335.73   335.82   335.33
   1978.7056   1978.7057   335.88   335.91   335.41
   1978.7500   1978.7495   336.02   335.92   335.50
   1978.7876   1978.7878   335.92   336.03   335.58
   1978.8390   1978.8398   336.31   336.31   335.68
   1978.8723   1978.8727   336.45   336.33   335.75
   1978.9166   1978.9165   336.08   336.14   335.85
   1978.9542   1978.9548   336.02   336.06   335.93
   1979.0376   1979.0370   336.00   336.01   336.10
   1979.0834   1979.0835   335.79   335.84   336.20
   1979.1250   1979.1246   356.99   335.88   336.29
   1979.1666   1979.1656   336.03   336.02   336.37
   1979.2042   1979.2040   336.04   336.07   336.45
   1979.2500   1979.2505   347.12   336.03   336.55
   1979.2889   1979.2888   336.10   336.06   336.63
   1979.3334   1979.3326   336.09   336.19   336.71
   1979.3710   1979.3710   351.07   336.34   336.79
   1979.4166   1979.4175   352.59   336.64   336.88
   1979.4556   1979.4559   336.90   336.98   336.95
   1979.5000   1979.4997   337.27   337.28   337.03
   1979.5376   1979.5380   337.42   337.35   337.10
   1979.5834   1979.5845   337.29   337.40   337.18
   1979.6210   1979.6201   337.61   337.57   337.24
   1979.6666   1979.6667   337.73   337.78   337.31
   1979.7056   1979.7050   337.88   337.81   337.37
   1979.7500   1979.7488   337.74   337.84   337.44
   1979.7876   1979.7871   337.98   337.94   337.50
   1979.8501   1979.8501   338.02   337.99   337.59
   1979.8750   1979.8747   337.93   337.98   337.62
   1979.9220   1979.9213   337.98   338.01   337.68
   1979.9542   1979.9541   338.15   338.04   337.73
   1980.0000   1980.0007   337.86   337.92   337.78
   1980.0834   1980.0828   337.56   337.53   337.88
   1980.1237   1980.1239   351.21   337.43   337.93
   1980.1666   1980.1677   337.31   337.41   337.97
   1980.2042   1980.2033   337.60   337.46   338.01
   1980.2500   1980.2498   337.43   337.52   338.06
   1980.2889   1980.2882   337.55   337.51   338.10
   1980.3710   1980.3703   337.71   337.75   338.18
   1980.4166   1980.4168   338.12   338.06   338.22
   1980.4583   1980.4579   338.11   338.20   338.26
   1980.5000   1980.4990   338.35   338.24   338.29
   1980.5403   1980.5400   338.25   338.36   338.33
   1980.5861   1980.5866   338.64   338.61   338.37
   1980.6237   1980.6249   338.73   338.73   338.40
   1980.6694   1980.6687   338.78   338.76   338.44
   1980.7056   1980.7043   338.75   338.86   338.47
   1980.7500   1980.7509   339.17   339.07   338.51
   1980.7903   1980.7892   339.09   339.09   338.55
   1980.8390   1980.8385   338.82   338.89   338.59
   1980.8528   1980.8522   338.86   338.84   338.60
   1980.8723   1980.8713   352.74   338.82   338.62
   1980.9111   1980.9124   338.90   338.90   338.66
   1980.9489   1980.9480   338.92   338.95   338.69
   1980.9866   1980.9863   338.84   338.84   338.73
   1981.0376   1981.0383   346.33   338.62   338.78
   1981.0953   1981.0958   338.49   338.63   338.83
   1981.1250   1981.1259   338.79   338.60   338.87
   1981.1693   1981.1697   338.37   338.44   338.91
   1981.2042   1981.2053   338.40   338.39   338.95
   1981.2500   1981.2491   338.52   338.57   339.00
   1981.2889   1981.2902   338.80   338.78   339.05
   1981.3334   1981.3340   338.91   338.91   339.10
   1981.4166   1981.4162   339.20   339.13   339.21
   1981.4556   1981.4545   339.09   339.10   339.26
   1981.5000   1981.5010   339.15   339.18   339.32
   1981.5376   1981.5366   339.33   339.49   339.37
   1981.5834   1981.5832   340.17   339.94   339.44
   1981.6210   1981.6215   339.88   340.08   339.50
   1981.7056   1981.7064   340.29   340.28   339.64
   1981.7500   1981.7502   340.38   340.40   339.71
   1981.7903   1981.7912   342.68   340.35   339.78
   1981.8307   1981.8296   340.25   340.20   339.85
   1981.8723   1981.8734   339.91   340.04   339.93
   1981.9166   1981.9172   339.99   339.96   340.01
   1981.9542   1981.9555   339.96   339.94   340.09
   1982.0027   1982.0021   339.87   339.91   340.18
   1982.0376   1982.0376   339.90   339.88   340.25
   1982.0834   1982.0842   339.85   339.86   340.34
   1982.0953   1982.0951   351.61   339.85   340.37
   1982.1250   1982.1253   339.85   339.84   340.43
   1982.1666   1982.1663   339.81   339.83   340.51
   1982.2042   1982.2047   350.45   339.91   340.59
   1982.2500   1982.2512   346.64   340.12   340.69
   1982.2889   1982.2895   340.31   340.32   340.77
   1982.3334   1982.3333   340.48   340.51   340.87
   1982.3710   1982.3717   340.62   340.67   340.95
   1982.4166   1982.4155   340.91   340.86   341.04
   1982.4556   1982.4565   340.94   341.03   341.12
   1982.5000   1982.5003   341.25   341.22   341.21
   1982.5376   1982.5387   341.34   341.38   341.29
   1982.5834   1982.5825   341.56   341.63   341.38
   1982.6210   1982.6208   341.98   341.93   341.45
   1982.6666   1982.6674   342.14   342.23   341.54
   1982.7056   1982.7057   342.38   342.30   341.62
   1982.7500   1982.7495   342.23   342.27   341.69
   1982.7876   1982.7878   342.30   342.33   341.76
   1982.8334   1982.8344   343.13   342.45   341.84
   1982.8723   1982.8727   342.54   342.48   341.91
   1982.9166   1982.9165   342.35   342.43   341.98
   1982.9542   1982.9548   342.40   342.34   342.03
   1983.0081   1983.0068   342.19   342.16   342.11
   1983.0376   1983.0370   341.89   342.06   342.15
   1983.0591   1983.0589   342.10   342.01   342.18
   1983.0923   1983.0917   350.74   341.95   342.23
   1983.1250   1983.1246   348.67   341.87   342.27
   1983.1720   1983.1711   341.72   341.73   342.33
   1983.2042   1983.2040   341.72   341.70   342.36
   1983.2528   1983.2533   341.75   341.78   342.42
   1983.2944   1983.2943   341.87   341.80   342.46
   1983.3361   1983.3354   341.68   341.79   342.50
   1983.3763   1983.3765   341.98   341.88   342.55
   1983.4194   1983.4203   341.91   342.14   342.59
   1983.4583   1983.4586   342.66   342.49   342.62
   1983.5107   1983.5106   342.67   342.96   342.67
   1983.5457   1983.5462   343.42   343.14   342.70
   1983.5861   1983.5873   343.02   343.18   342.74
   1983.6237   1983.6229   343.23   343.20   342.77
   1983.6722   1983.6721   343.32   343.35   342.81
   1983.7111   1983.7105   343.52   343.48   342.84
   1983.7527   1983.7515   343.47   343.53   342.88
   1983.7903   1983.7899   343.52   343.49   342.91
   1983.8362   1983.8364   343.46   343.41   342.96
   1983.8723   1983.8720   343.25   343.32   342.99
   1983.9166   1983.9158   343.23   343.19   343.03
   1983.9542   1983.9541   343.14   343.10   343.07
   1984.0000   1984.0007   342.98   343.05   343.12
   1984.0618   1984.0609   343.02   342.98   343.19
   1984.0834   1984.0828   342.88   342.93   343.21
   1984.1237   1984.1239   342.86   342.81   343.26
   1984.1666   1984.1677   342.66   342.73   343.31
   1984.2042   1984.2033   342.79   342.71   343.36
   1984.2500   1984.2498   342.69   342.72   343.42
   1984.2889   1984.2882   342.74   342.78   343.47
   1984.3710   1984.3703   343.13   343.15   343.59
   1984.4166   1984.4168   343.31   343.31   343.66
   1984.4583   1984.4579   343.45   343.45   343.72
   1984.5000   1984.4990   343.64   343.69   343.79
   1984.5376   1984.5373   344.00   343.99   343.85
   1984.5834   1984.5838   344.29   344.33   343.92
   1984.6210   1984.6222   344.54   344.55   343.99
   1984.6666   1984.6660   344.77   344.74   344.06
   1984.7056   1984.7043   344.83   344.87   344.12
   1984.7500   1984.7509   344.92   344.91   344.20
   1984.7876   1984.7864   344.93   344.85   344.26
   1984.8334   1984.8330   344.65   344.79   344.34
   1984.8806   1984.8795   344.94   344.80   344.42
   1984.9193   1984.9206   344.66   344.73   344.49
   1984.9569   1984.9562   344.67   344.61   344.55
   1985.0027   1985.0027   344.42   344.58   344.63
   1985.0403   1985.0411   344.88   344.65   344.69
   1985.0646   1985.0657   344.59   344.67   344.73
   1985.0807   1985.0794   344.57   344.66   344.75
   1985.1339   1985.1342   344.56   344.52   344.83
   1985.1693   1985.1697   344.52   344.48   344.89
   1985.2096   1985.2108   344.48   344.52   344.95
   1985.2500   1985.2491   344.55   344.56   345.01
   1985.2889   1985.2902   344.61   344.57   345.07
   1985.3334   1985.3340   344.59   344.62   345.13
   1985.4166   1985.4162   344.87   344.86   345.25
   1985.4556   1985.4545   345.04   344.99   345.30
   1985.5000   1985.5010   345.15   345.33   345.36
   1985.5403   1985.5394   345.76   345.66   345.41
   1985.5834   1985.5832   345.80   345.83   345.47
   1985.6210   1985.6215   345.88   345.88   345.52
   1985.7056   1985.7064   346.27   346.21   345.63
   1985.7554   1985.7556   346.22   346.22   345.70
   1985.7876   1985.7885   346.08   346.17   345.74
   1985.8334   1985.8323   346.28   346.16   345.80
   1985.8723   1985.8734   346.08   346.15   345.86
   1985.9166   1985.9172   346.08   346.07   345.92
   1985.9542   1985.9555   346.05   346.00   345.98
   1986.0000   1985.9993   345.88   345.93   346.04
   1986.0376   1986.0376   345.91   345.88   346.10
   1986.0834   1986.0842   345.81   345.84   346.17
   1986.1250   1986.1253   345.82   345.80   346.24
   1986.1666   1986.1663   345.79   345.75   346.31
   1986.2042   1986.2047   345.68   345.80   346.37
   1986.2500   1986.2512   346.10   345.99   346.45
   1986.2889   1986.2895   346.00   346.09   346.52
   1986.3334   1986.3333   346.14   346.12   346.61
   1986.3710   1986.3717   346.16   346.18   346.68
   1986.4166   1986.4155   346.38   346.41   346.77
   1986.4556   1986.4565   346.67   346.71   346.85
   1986.4611   1986.4620   346.64   346.75   346.86
   1986.5000   1986.5003   347.04   346.98   346.94
   1986.5376   1986.5387   347.09   347.17   347.02
   1986.5834   1986.5825   347.41   347.40   347.12
   1986.6210   1986.6208   347.62   347.65   347.20
   1986.6694   1986.6701   347.93   347.95   347.31
   1986.7056   1986.7057   348.08   348.06   347.39
   1986.7527   1986.7522   348.05   348.07   347.50
   1986.7876   1986.7878   348.09   348.06   347.58
   1986.8334   1986.8344   348.05   348.13   347.68
   1986.8750   1986.8754   348.32   348.26   347.78
   1986.9166   1986.9165   348.34   348.36   347.87
   1986.9866   1986.9877   349.00   348.34   348.04
   1987.0699   1987.0698   348.21   348.23   348.22
   1987.1101   1987.1109   348.13   348.10   348.31
   1987.1637   1987.1629   347.96   347.89   348.43
   1987.1854   1987.1848   347.68   347.87   348.47
   1987.2257   1987.2259   348.08   347.99   348.56
   1987.2500   1987.2505   348.16   348.12   348.61
   1987.2889   1987.2888   348.14   348.25   348.69
   1987.3361   1987.3354   348.33   348.24   348.78
   1987.3710   1987.3710   348.22   348.25   348.85
   1987.4166   1987.4175   348.39   348.45   348.94
   1987.4556   1987.4559   348.64   348.68   349.01
   1987.5000   1987.4997   348.93   348.89   349.08
   1987.5430   1987.5435   349.03   349.12   349.16
   1987.5887   1987.5900   349.36   349.41   349.23
   1987.6210   1987.6201   349.66   349.56   349.28
   1987.6805   1987.6804   349.56   349.71   349.37
   1987.7083   1987.7077   349.87   349.76   349.41
   1987.7527   1987.7515   349.82   349.87   349.47
   1987.7876   1987.7871   349.92   349.90   349.52
   1987.8362   1987.8364   349.79   349.81   349.58
   1987.8861   1987.8857   349.76   349.77   349.65
   1987.9111   1987.9103   349.88   349.81   349.68
   1987.9220   1987.9213   349.83   349.83   349.69
   1987.9596   1987.9596   349.83   349.91   349.74
   1988.0107   1988.0116   349.96   349.85   349.80
   1988.0537   1988.0527   349.68   349.76   349.85
   1988.0978   1988.0965   349.75   349.75   349.90
   1988.1294   1988.1294   349.80   349.75   349.93
   1988.1666   1988.1677   349.73   349.70   349.98
   1988.2096   1988.2088   349.58   349.64   350.02
   1988.2556   1988.2553   349.69   349.64   350.07
   1988.2944   1988.2936   349.70   349.69   350.12
   1988.3979   1988.3977   350.11   350.05   350.24
   1988.4166   1988.4168   350.09   350.10   350.26
   1988.4556   1988.4552   350.14   350.20   350.31
   1988.5054   1988.5044   350.45   350.42   350.37
   1988.5430   1988.5428   350.60   350.67   350.41
   1988.5887   1988.5893   350.97   350.95   350.47
   1988.6210   1988.6222   351.12   351.11   350.52
   1988.6666   1988.6660   351.19   351.28   350.57
   1988.7527   1988.7536   351.12   351.33   350.69
   1988.7849   1988.7837   351.47   351.36   350.74
   1988.8445   1988.8439   351.36   351.39   350.82
   1988.8723   1988.8713   351.29   351.28   350.86
   1988.8806   1988.8795   355.65   351.24   350.87
   1988.9569   1988.9562   350.99   350.98   350.99
   1989.0081   1989.0082   350.84   350.83   351.07
   1989.0953   1989.0958   350.32   350.39   351.20
   1989.1370   1989.1369   350.51   350.50   351.27
   1989.1720   1989.1725   350.67   350.62   351.32
   1989.2069   1989.2081   350.59   350.65   351.38
   1989.2667   1989.2656   350.81   350.79   351.47
   1989.3387   1989.3395   351.26   351.28   351.58
   1989.3951   1989.3943   351.44   351.42   351.67
   1989.4249   1989.4244   351.44   351.47   351.72
   1989.4667   1989.4654   351.66   351.65   351.78
   1989.5027   1989.5038   351.81   351.90   351.84
   1989.5457   1989.5448   352.17   352.12   351.90
   1989.6129   1989.6133   352.35   352.49   352.00
   1989.6237   1989.6242   352.67   352.56   352.01
   1989.7194   1989.7201   352.72   352.65   352.15
   1989.7607   1989.7611   352.51   352.56   352.21
   1989.7957   1989.7967   352.61   352.67   352.25
   1989.8473   1989.8460   352.96   352.85   352.32
   1989.8723   1989.8734   352.72   352.82   352.36
   1989.9166   1989.9172   352.75   352.66   352.41
   1989.9542   1989.9555   352.50   352.59   352.46
   1989.9919   1989.9911   352.62   352.57   352.51
   1990.0834   1990.0842   352.33   352.37   352.62
   1990.1161   1990.1170   352.37   352.34   352.66
   1990.1666   1990.1663   352.30   352.29   352.72
   1990.2042   1990.2047   352.25   352.27   352.76
   1990.2500   1990.2512   352.34   352.35   352.82
   1990.2889   1990.2895   352.45   352.43   352.86
   1990.3334   1990.3333   352.46   352.48   352.92
   1990.3710   1990.3717   352.53   352.59   352.96
   1990.4194   1990.4182   352.86   352.82   353.02
   1990.4583   1990.4593   352.94   353.01   353.06
   1990.5000   1990.5003   353.21   353.21   353.11
   1990.5376   1990.5387   354.10   353.39   353.16
   1990.5834   1990.5825   353.53   353.52   353.21
   1990.6237   1990.6235   353.65   353.64   353.26
   1990.6694   1990.6701   353.81   353.94   353.31
   1990.7083   1990.7084   354.27   354.12   353.36
   1990.7527   1990.7522   353.96   354.00   353.41
   1990.7903   1990.7906   353.80   353.84   353.45
   1990.8362   1990.8371   365.95   353.87   353.51
   1990.8723   1990.8727   353.94   353.95   353.55
   1990.9166   1990.9165   353.87   353.86   353.60
   1990.9596   1990.9603   353.74   353.72   353.66
   1991.0430   1991.0424   353.54   353.58   353.76
   1991.0834   1991.0835   353.51   353.34   353.80
   1991.1250   1991.1246   352.87   353.10   353.85
   1991.1666   1991.1656   353.18   352.99   353.90
   1991.2069   1991.2067   352.89   352.96   353.95
   1991.2500   1991.2505   352.98   353.07   354.00
   1991.2889   1991.2888   353.39   353.33   354.04
   1991.3361   1991.3354   353.57   353.68   354.10
   1991.3710   1991.3710   353.81   353.80   354.14
   1991.4249   1991.4257   353.96   353.92   354.20
   1991.4500   1991.4504   353.91   354.05   354.22
   1991.5000   1991.4997   354.41   354.39   354.27
   1991.5349   1991.5352   354.58   354.57   354.31
   1991.6183   1991.6174   354.99   354.97   354.39
   1991.6666   1991.6667   355.19   355.17   354.44
   1991.7028   1991.7023   355.21   355.25   354.48
   1991.7500   1991.7488   355.29   355.32   354.52
   1991.7822   1991.7817   355.43   355.34   354.55
   1991.8334   1991.8337   355.15   355.21   354.59
   1991.8723   1991.8720   355.11   355.09   354.63
   1991.9274   1991.9268   355.01   354.97   354.68
   1991.9703   1991.9706   354.77   354.84   354.71
   1992.0054   1992.0062   354.82   354.75   354.74
   1992.0430   1992.0418   354.70   354.72   354.77
   1992.0863   1992.0856   354.64   354.64   354.81
   1992.1294   1992.1294   354.45   354.42   354.84
   1992.1666   1992.1677   354.27   354.25   354.87
   1992.2042   1992.2033   354.20   354.25   354.90
   1992.2528   1992.2526   354.41   354.36   354.94
   1992.2889   1992.2882   354.37   354.37   354.97
   1992.3763   1992.3758   354.58   354.57   355.05
   1992.4166   1992.4168   354.79   354.75   355.08
   1992.4611   1992.4606   354.79   354.87   355.12
   1992.5027   1992.5017   355.06   355.02   355.16
   1992.5483   1992.5483   355.23   355.27   355.20
   1992.5887   1992.5893   355.50   355.53   355.24
   1992.6694   1992.6687   355.98   355.96   355.32
   1992.7111   1992.7098   356.02   356.03   355.37
   1992.7527   1992.7536   356.05   356.05   355.41
   1992.7930   1992.7919   356.04   356.06   355.46
   1992.8334   1992.8330   356.12   356.05   355.50
   1992.8806   1992.8795   355.86   355.94   355.56
   1992.9301   1992.9288   355.83   355.74   355.62
   1992.9623   1992.9617   355.57   355.62   355.66
   1993.0081   1993.0082   355.51   355.53   355.72
   1993.0483   1993.0493   355.52   355.53   355.77
   1993.0894   1993.0903   355.64   355.53   355.83
   1993.1310   1993.1314   355.33   355.48   355.88
   1993.1720   1993.1725   355.52   355.44   355.94
   1993.2069   1993.2081   355.48   355.47   355.99
   1993.2583   1993.2574   355.54   355.59   356.07
   1993.2889   1993.2902   355.65   355.64   356.12
   1993.3441   1993.3450   355.68   355.64   356.20
   1993.4166   1993.4162   355.72   355.80   356.31
   1993.4556   1993.4545   356.10   356.01   356.38
   1993.5107   1993.5120   356.23   356.35   356.47
   1993.5430   1993.5421   356.55   356.52   356.53
   1993.5861   1993.5859   356.75   356.83   356.60
   1993.6263   1993.6270   357.28   357.19   356.67
   1993.7083   1993.7091   357.77   357.59   356.82
   1993.7527   1993.7529   357.47   357.54   356.90
   1993.7957   1993.7967   357.54   357.59   356.99
   1993.8362   1993.8350   357.75   357.69   357.06
   1993.8750   1993.8761   357.67   357.66   357.14
   1993.9220   1993.9227   357.53   357.55   357.23
   1993.9542   1993.9555   357.53   357.56   357.29
   1994.0134   1994.0130   357.62   357.54   357.40
   1994.0376   1994.0376   357.44   357.45   357.45
   1994.0673   1994.0678   357.29   357.35   357.51
   1994.1250   1994.1253   357.36   357.37   357.63
   1994.1693   1994.1691   357.52   357.38   357.72
   1994.2042   1994.2047   357.17   357.35   357.79
   1994.2500   1994.2512   357.53   357.45   357.89
   1994.2889   1994.2895   357.63   357.63   357.97
   1994.3334   1994.3333   357.68   357.76   358.06
   1994.3763   1994.3771   357.85   357.79   358.15
   1994.4194   1994.4182   357.80   357.84   358.23
   1994.4583   1994.4593   357.97   357.96   358.32
   1994.5107   1994.5113   358.11   358.20   358.42
   1994.5376   1994.5387   358.40   358.35   358.48
   1994.5834   1994.5825   358.51   358.57   358.57
   1994.6290   1994.6290   358.80   358.79   358.66
   1994.6722   1994.6728   358.95   359.01   358.74
   1994.7194   1994.7194   359.26   359.18   358.83
   1994.7500   1994.7495   359.16   359.24   358.89
   1994.7957   1994.7960   359.34   359.31   358.98
   1994.8417   1994.8426   359.38   359.41   359.07
   1994.8750   1994.8754   359.48   359.46   359.13
   1994.9166   1994.9165   359.48   359.49   359.20
   1994.9650   1994.9658   359.48   359.47   359.28
   1995.0242   1995.0233   359.38   359.37   359.38
   1995.0726   1995.0726   359.30   359.33   359.46
   1995.0953   1995.0945   359.31   359.33   359.49
   1995.1339   1995.1328   359.41   359.33   359.55
   1995.1666   1995.1656   359.28   359.30   359.60
   1995.2042   1995.2040   359.22   359.27   359.65
   1995.2500   1995.2505   359.40   359.30   359.71
   1995.2944   1995.2943   359.24   359.34   359.77
   1995.3334   1995.3326   359.39   359.35   359.82
   1995.3710   1995.3710   359.36   359.38   359.87
   1995.4166   1995.4175   359.51   359.55   359.92
   1995.4639   1995.4641   359.79   359.83   359.97
   1995.5000   1995.4997   360.03   360.01   360.01
   1995.5430   1995.5435   360.11   360.16   360.05
   1995.5861   1995.5873   360.32   360.35   360.10
   1995.6210   1995.6201   360.55   360.52   360.13
   1995.6666   1995.6667   360.57   360.65   360.17
   1995.7056   1995.7050   360.73   360.64   360.21
   1995.7500   1995.7488   360.62   360.69   360.25
   1995.7930   1995.7926   360.79   360.80   360.29
   1995.8390   1995.8392   360.87   360.78   360.33
   1995.8723   1995.8720   360.63   360.71   360.36
   1995.9193   1995.9185   360.74   360.71   360.40
   1995.9515   1995.9514   360.72   360.71   360.43
   1996.0027   1996.0034   360.57   360.56   360.49
   1996.0403   1996.0390   366.97   360.51   360.52
   1996.0780   1996.0773   360.48   360.56   360.56
   1996.1265   1996.1266   360.72   360.50   360.62
   1996.1610   1996.1622   360.14   360.32   360.66
   1996.2042   1996.2033   360.32   360.25   360.71
   1996.2500   1996.2498   360.40   360.41   360.77
   1996.2889   1996.2882   360.48   360.49   360.82
   1996.3710   1996.3703   360.56   360.58   360.94
   1996.4166   1996.4168   360.77   360.76   361.01
   1996.4556   1996.4552   360.89   360.91   361.07
   1996.5000   1996.4990   361.05   361.07   361.15
   1996.5376   1996.5373   361.23   361.21   361.22
   1996.5834   1996.5838   361.34   361.37   361.31
   1996.6210   1996.6222   361.50   361.53   361.39
   1996.6666   1996.6660   361.82   361.80   361.48
   1996.7056   1996.7043   361.93   361.96   361.56
   1996.7500   1996.7509   362.05   361.98   361.66
   1996.7581   1996.7591   361.97   361.98   361.68
   1996.7876   1996.7864   361.93   361.98   361.75
   1996.8556   1996.8549   362.13   362.10   361.91
   1996.8723   1996.8713   362.09   362.13   361.95
   1996.9166   1996.9179   362.20   362.16   362.07
   1996.9542   1996.9535   362.09   362.13   362.17
   1997.0027   1997.0027   362.15   362.10   362.30
   1997.0376   1997.0383   362.05   362.15   362.39
   1997.0834   1997.0821   362.40   362.26   362.51
   1997.1042   1997.1040   362.21   362.30   362.57
   1997.1666   1997.1670   362.39   362.33   362.75
   1997.2042   1997.2053   362.34   362.38   362.86
   1997.2500   1997.2491   362.49   362.52   362.98
   1997.2889   1997.2902   362.70   362.66   363.10
   1997.3441   1997.3450   362.80   362.90   363.25
   1997.4166   1997.4162   363.36   363.34   363.46
   1997.4583   1997.4572   363.54   363.57   363.57
   1997.5000   1997.5010   363.77   363.82   363.69
   1997.5376   1997.5366   364.05   364.04   363.79
   1997.5834   1997.5832   364.30   364.33   363.91
   1997.6263   1997.6270   364.61   364.62   364.03
   1997.7083   1997.7091   365.01   364.95   364.24
   1997.7500   1997.7502   364.94   364.98   364.34
   1997.7876   1997.7885   365.03   365.10   364.44
   1997.8334   1997.8323   365.32   365.20   364.54
   1997.8750   1997.8761   365.02   365.10   364.64
   1997.9139   1997.9144   365.01   364.98   364.73
   1997.9542   1997.9555   364.98   364.99   364.82
   1998.0027   1998.0021   365.03   365.01   364.92
   1998.0403   1998.0404   364.88   364.93   364.99
   1998.0699   1998.0705   364.92   364.87   365.05
   1998.1281   1998.1280   364.76   364.80   365.17
   1998.1666   1998.1663   364.81   364.74   365.24
   1998.2042   1998.2047   364.65   364.71   365.31
   1998.2500   1998.2512   365.80   364.82   365.39
   1998.2889   1998.2895   364.99   364.95   365.46
   1998.3334   1998.3333   364.97   365.02   365.53
   1998.3710   1998.3717   365.03   365.03   365.59
   1998.4194   1998.4182   370.39   365.13   365.67
   1998.4556   1998.4565   366.63   365.31   365.72
   1998.5000   1998.5003   365.45   365.51   365.79
   1998.5376   1998.5387   365.68   365.62   365.85
   1998.5861   1998.5852   365.73   365.78   365.91
   1998.6263   1998.6263   365.95   366.03   365.97
   1998.6694   1998.6701   366.38   366.26   366.03
   1998.7083   1998.7084   366.24   366.32   366.08
   1998.7527   1998.7522   366.35   366.39   366.14
   1998.7930   1998.7933   366.63   366.58   366.19
   1998.8473   1998.8480   366.75   366.78   366.26
   1998.8834   1998.8836   369.52   366.80   366.31
   1998.9327   1998.9329   366.83   366.77   366.37
   1998.9703   1998.9713   367.23   366.72   366.42
   1998.9946   1998.9959   366.61   366.64   366.45
   1999.0242   1999.0233   366.55   366.53   366.48
   1999.0591   1999.0589   366.40   366.41   366.52
   1999.0953   1999.0945   367.13   366.40   366.56
   1999.1339   1999.1328   366.48   366.53   366.61
   1999.1747   1999.1739   366.87   366.64   366.66
   1999.2150   1999.2149   366.77   366.59   366.70
   1999.2528   1999.2533   366.32   366.48   366.75
   1999.2889   1999.2888   366.51   366.44   366.79
   1999.3414   1999.3409   366.51   366.55   366.84
   1999.3710   1999.3710   366.57   366.61   366.88
   1999.4166   1999.4175   366.73   366.69   366.93
   1999.4583   1999.4586   366.73   366.80   366.98
   1999.5081   1999.5079   367.01   366.98   367.03
   1999.5376   1999.5380   367.06   367.11   367.06
   1999.5861   1999.5873   367.32   367.37   367.12
   1999.6210   1999.6201   367.57   367.53   367.15
   1999.6694   1999.6694   367.60   367.63   367.21
   1999.7056   1999.7050   367.62   367.63   367.25
   1999.7500   1999.7488   367.69   367.68   367.30
   1999.7876   1999.7871   367.79   367.80   367.34
   1999.8334   1999.8337   367.88   367.91   367.39
   1999.8723   1999.8720   367.93   367.87   367.44
   1999.9193   1999.9185   367.79   367.84   367.49
   1999.9542   1999.9541   367.93   367.90   367.53
   2000.0000   2000.0007   367.88   367.91   367.59
   2000.0834   2000.0828   367.16   367.29   367.70
   2000.1237   2000.1239   367.11   367.05   367.75
   2000.1666   2000.1677   367.03   367.03   367.81
   2000.2042   2000.2033   367.05   367.11   367.86
   2000.2500   2000.2498   367.29   367.25   367.93
   2000.2916   2000.2909   367.35   367.36   367.99
   2000.3710   2000.3703   367.61   367.64   368.11
   2000.4166   2000.4168   367.83   367.78   368.19
   2000.4556   2000.4552   367.87   367.88   368.26
   2000.5000   2000.4990   367.97   368.06   368.33
   2000.5403   2000.5400   368.40   368.32   368.41
   2000.5834   2000.5838   368.55   368.64   368.49
   2000.6210   2000.6222   368.92   368.97   368.56
   2000.6666   2000.6660   369.39   369.30   368.65
   2000.7056   2000.7043   369.35   369.45   368.73
   2000.7500   2000.7509   369.58   369.49   368.83
   2000.7876   2000.7864   369.45   369.55   368.90
   2000.8280   2000.8275   369.73   369.64   368.99
   2000.8723   2000.8713   369.54   369.58   369.09
   2000.9139   2000.9151   369.41   369.38   369.19
   2000.9542   2000.9535   369.25   369.27   369.28
   2001.0027   2001.0027   369.28   369.29   369.40
   2001.0403   2001.0411   369.36   369.36   369.49
   2001.0894   2001.0903   370.37   369.44   369.61
   2001.1666   2001.1670   369.55   369.57   369.81
   2001.2069   2001.2081   369.62   369.65   369.91
   2001.2500   2001.2491   369.74   369.66   370.02
   2001.2972   2001.2984   369.60   369.69   370.14
   2001.3334   2001.3340   369.80   369.82   370.24
   2001.4166   2001.4162   370.21   370.25   370.45
   2001.4556   2001.4545   370.39   370.40   370.55
   2001.5000   2001.5010   370.62   370.64   370.67
   2001.5376   2001.5366   370.89   370.90   370.76
   2001.5834   2001.5832   371.16   371.23   370.88
   2001.6210   2001.6215   371.52   371.43   370.97
   2001.7111   2001.7118   371.80   371.72   371.20
   2001.7500   2001.7502   371.71   371.79   371.29
   2001.7876   2001.7885   371.89   371.83   371.39
   2001.8362   2001.8350   371.82   371.86   371.50
   2001.8806   2001.8816   371.81   371.79   371.61
   2001.9220   2001.9227   371.72   371.65   371.70
   2002.0081   2002.0075   371.85   371.82   371.89
   2002.0403   2002.0404   372.04   371.93   371.96
   2002.0834   2002.0842   371.73   371.86   372.06
   2002.1250   2002.1253   371.85   371.70   372.14
   2002.1666   2002.1663   371.57   371.67   372.23
   2002.2096   2002.2101   371.80   371.77   372.32
   2002.2500   2002.2512   371.83   371.87   372.40
   2002.2916   2002.2923   372.03   372.00   372.48
   2002.3334   2002.3333   372.06   372.19   372.56
   2002.3710   2002.3717   372.44   372.34   372.63
   2002.4166   2002.4155   372.36   372.46   372.71
   2002.4556   2002.4565   372.63   372.59   372.78
   2002.5027   2002.5031   372.72   372.80   372.87
   2002.5457   2002.5469   373.03   372.99   372.94
   2002.5834   2002.5825   373.08   373.18   373.00
   2002.6210   2002.6208   373.50   373.48   373.07
   2002.6666   2002.6674   373.79   373.80   373.15
   2002.7111   2002.7112   373.88   373.87   373.22
   2002.7500   2002.7495   373.80   373.81   373.29
   2002.7930   2002.7933   373.79   373.75   373.36
   2002.8362   2002.8371   373.64   373.69   373.43
   2002.8750   2002.8754   373.65   373.63   373.49
   2002.9166   2002.9165   373.64   373.63   373.56
   2002.9569   2002.9576   375.06   373.70   373.63
   2003.0054   2003.0041   373.67   373.65   373.71
   2003.0376   2003.0370   373.54   373.50   373.76
   2003.0834   2003.0835   373.37   373.44   373.84
   2003.1281   2003.1273   373.63   373.67   373.92
   2003.1720   2003.1711   373.94   373.83   373.99
   2003.2096   2003.2094   373.74   373.80   374.06
   2003.2528   2003.2533   373.75   373.78   374.13
   2003.3000   2003.2998   373.97   373.90   374.22
   2003.3387   2003.3381   373.87   374.01   374.28
   2003.3737   2003.3737   374.19   374.14   374.35
   2003.4194   2003.4203   374.30   374.35   374.43
   2003.4639   2003.4641   374.54   374.55   374.52
   2003.5081   2003.5079   374.75   374.75   374.60
   2003.5376   2003.5380   374.84   374.93   374.66
   2003.5887   2003.5900   375.26   375.23   374.76
   2003.6237   2003.6229   375.33   375.36   374.82
   2003.6694   2003.6694   375.47   375.47   374.91
   2003.7139   2003.7132   375.50   375.55   375.00
   2003.7554   2003.7543   375.65   375.58   375.09
   2003.7930   2003.7926   375.56   375.61   375.16
   2003.8362   2003.8364   375.63   375.60   375.25
   2003.8723   2003.8720   375.45   375.49   375.33
   2003.8834   2003.8830   375.56   375.44   375.35
   2003.9166   2003.9158   375.30   375.32   375.42
   2003.9596   2003.9596   375.28   375.34   375.51
   2004.0000   2004.0007   375.43   375.40   375.60
   2004.0863   2004.0856   374.95   375.05   375.79
   2004.1265   2004.1266   375.24   375.20   375.88
   2004.1666   2004.1677   383.03   375.47   375.97
   2004.2042   2004.2033   375.60   375.54   376.04
   2004.2500   2004.2498   375.55   375.61   376.15
   2004.2889   2004.2882   375.80   375.84   376.23
   2004.3737   2004.3730   375.99   376.09   376.41
   2004.4166   2004.4168   376.22   376.22   376.51
   2004.4556   2004.4552   376.48   376.48   376.59
   2004.4972   2004.4962   376.71   376.74   376.68
   2004.5376   2004.5373   379.65   376.94   376.77
   2004.5861   2004.5866   379.73   377.25   376.87
   2004.6210   2004.6222   381.54   377.43   376.94
   2004.6666   2004.6660   377.63   377.59   377.03
   2004.7056   2004.7043   377.69   377.76   377.11
   2004.7527   2004.7536   377.94   377.93   377.21
   2004.7983   2004.7974   378.03   377.87   377.30
   2004.8334   2004.8330   377.59   377.80   377.37
   2004.8723   2004.8713   377.75   377.75   377.44
   2004.9166   2004.9179   377.86   377.57   377.53
   2004.9569   2004.9562   377.03   377.43   377.60
   2005.0027   2005.0027   377.89   377.64   377.69
   2005.0376   2005.0383   377.80   377.85   377.75
   2005.0834   2005.0821   377.79   377.76   377.83
   2005.1250   2005.1259   377.43   377.49   377.91
   2005.1666   2005.1670   377.49   377.50   377.98
   2005.2042   2005.2053   377.70   377.67   378.05
   2005.2583   2005.2574   380.09   377.82   378.14
   2005.2889   2005.2902   378.58   377.86   378.19
   2005.3361   2005.3368   377.99   377.94   378.27
   2005.4166   2005.4162   378.20   378.16   378.40
   2005.4556   2005.4545   378.33   378.35   378.47
   2005.5000   2005.5010   378.61   378.65   378.54
   2005.5376   2005.5366   378.86   378.87   378.60
   2005.5834   2005.5832   379.03   379.06   378.68
   2005.6210   2005.6215   379.23   379.13   378.75
   2005.7167   2005.7173   379.34   379.26   378.91
   2005.7527   2005.7529   379.34   379.32   378.97
   2005.7957   2005.7967   379.24   379.35   379.05
   2005.8445   2005.8433   379.45   379.32   379.13
   2005.8723   2005.8734   379.25   379.30   379.18
   2005.9166   2005.9172   382.47   379.29   379.26
   2005.9623   2005.9610   381.83   379.31   379.35
   2006.0000   2005.9993   379.32   379.27   379.42
   2006.0376   2006.0376   379.16   379.22   379.49
   2006.0834   2006.0842   379.28   379.26   379.58
   2006.1250   2006.1253   379.34   379.31   379.67
   2006.1666   2006.1663   379.25   379.28   379.75
   2006.2042   2006.2047   379.28   379.28   379.83
   2006.2556   2006.2567   379.47   379.49   379.94
   2006.2972   2006.2977   379.64   379.69   380.03
   2006.3334   2006.3333   379.86   379.81   380.10
   2006.3710   2006.3717   379.84   379.93   380.19
   2006.4166   2006.4155   380.16   380.11   380.29
   2006.4556   2006.4565   380.25   380.29   380.38
   2006.5000   2006.5003   380.44   380.49   380.48
   2006.5430   2006.5441   380.76   380.76   380.58
   2006.5834   2006.5825   380.94   381.00   380.66
   2006.6210   2006.6208   381.21   381.19   380.75
   2006.6722   2006.6728   381.38   381.42   380.87
   2006.7056   2006.7057   381.51   381.54   380.95
   2006.7500   2006.7495   381.68   381.63   381.05
   2006.7876   2006.7878   381.60   381.65   381.14
   2006.8334   2006.8344   381.64   381.62   381.24
   2006.8834   2006.8836   381.58   381.58   381.35
   2006.9247   2006.9247   381.60   381.64   381.45
   2006.9542   2006.9548   381.75   381.74   381.51
   2007.0242   2007.0233   381.83   381.78   381.66
   2007.0376   2007.0370   381.76   381.74   381.69
   2007.0834   2007.0835   381.52   381.58   381.79
   2007.1042   2007.1054   381.66   381.56   381.83
   2007.1310   2007.1300   381.45   381.55   381.89
   2007.1720   2007.1711   381.64   381.57   381.97
   2007.2042   2007.2040   381.61   381.61   382.03
   2007.2500   2007.2505   381.68   381.78   382.12
   2007.2889   2007.2888   382.00   381.89   382.20
   2007.3414   2007.3409   381.78   381.81   382.29
   2007.3763   2007.3765   381.75   381.77   382.36
   2007.4305   2007.4312   381.94   381.97   382.45
   2007.4889   2007.4887   382.29   382.32   382.54
   2007.5000   2007.4997   382.36   382.38   382.56
   2007.5457   2007.5462   386.45   382.66   382.64
   2007.5834   2007.5845   387.58   382.86   382.70
   2007.6210   2007.6201   383.05   383.01   382.75
   2007.6666   2007.6667   383.16   383.26   382.82
   2007.7083   2007.7077   383.45   383.43   382.87
   2007.7527   2007.7515   383.49   383.37   382.93
   2007.7930   2007.7926   383.02   383.22   382.99
   2007.8334   2007.8337   383.43   383.27   383.04
   2007.8750   2007.8747   383.30   383.41   383.10
   2007.9166   2007.9158   383.48   383.38   383.15
   2007.9542   2007.9541   383.21   383.27   383.20
   2008.0000   2008.0007   383.33   383.33   383.26
   2008.0430   2008.0418   383.46   383.42   383.31
   2008.1035   2008.1047   383.19   383.15   383.39
   2008.1265   2008.1266   382.97   383.04   383.42
   2008.1666   2008.1677   383.13   383.04   383.47
   2008.2042   2008.2033   383.04   383.17   383.52
   2008.2528   2008.2526   383.36   383.22   383.58
   2008.2889   2008.2882   383.12   383.17   383.63
   2008.3710   2008.3703   383.47   383.44   383.74
   2008.4166   2008.4168   383.63   383.61   383.81
   2008.4556   2008.4552   383.66   383.72   383.86
   2008.5027   2008.5017   383.97   383.96   383.94
   2008.5376   2008.5373   384.19   384.18   383.99
   2008.5887   2008.5893   384.37   384.40   384.07
   2008.6210   2008.6222   384.51   384.52   384.13
   2008.6666   2008.6660   384.72   384.70   384.20
   2008.7056   2008.7043   384.80   384.83   384.27
   2008.7500   2008.7509   384.94   384.95   384.36
   2008.7876   2008.7864   385.04   385.01   384.42
   2008.8334   2008.8330   385.01   385.02   384.51
   2008.8723   2008.8713   384.94   384.94   384.59
   2008.9166   2008.9179   384.85   384.86   384.68
   2008.9542   2008.9535   384.91   384.89   384.75
   2009.0027   2009.0027   384.95   384.97   384.85
   2009.0376   2009.0383   384.90   384.91   384.93
   2009.0834   2009.0821   384.81   384.67   385.02
   2009.1042   2009.1040   384.31   384.56   385.07
   2009.1250   2009.1259   384.45   384.50   385.12
   2009.1666   2009.1670   384.67   384.53   385.21
   2009.2042   2009.2053   384.48   384.63   385.30
   2009.2500   2009.2491   384.79   384.68   385.40
   2009.3334   2009.3340   384.80   384.84   385.59
   2009.4166   2009.4162   385.28   385.29   385.78
   2009.4556   2009.4545   385.53   385.59   385.87
   2009.5000   2009.5010   385.96   385.96   385.97
   2009.5376   2009.5366   386.20   386.22   386.05
   2009.5834   2009.5832   386.53   386.57   386.16
   2009.6210   2009.6215   386.88   386.89   386.24
   2009.7056   2009.7064   387.27   387.26   386.43
   2009.7500   2009.7502   387.24   387.28   386.53
   2009.7876   2009.7885   387.29   387.24   386.61
   2009.8334   2009.8323   387.15   387.18   386.70
   2009.8723   2009.8734   387.15   387.20   386.78
   2009.9166   2009.9172   387.35   387.26   386.87
   2009.9542   2009.9555   387.12   387.21   386.95
   2010.0000   2009.9993   387.20   387.12   387.03
   2010.0376   2010.0376   387.10   387.16   387.10
   2010.0834   2010.0842   387.24   387.25   387.19
   2010.1281   2010.1280   387.31   387.09   387.27
   2010.1720   2010.1718   386.58   386.85   387.35
   2010.2096   2010.2101   386.98   386.82   387.42
   2010.2500   2010.2512   386.92   386.90   387.49
   2010.2889   2010.2895   386.78   386.89   387.55
   2010.3414   2010.3415   386.96   386.89   387.64
   2010.3817   2010.3826   387.01   387.09   387.71
   2010.4194   2010.4182   387.30   387.31   387.77
   2010.4611   2010.4620   387.44   387.46   387.84
   2010.5000   2010.5003   387.57   387.57   387.90
   2010.5376   2010.5387   387.79   387.84   387.97
   2010.5834   2010.5825   388.17   388.22   388.04
   2010.6237   2010.6235   388.40   388.41   388.10
   2010.6694   2010.6701   388.66   388.57   388.18
   2010.7056   2010.7057   388.59   388.77   388.24
   2010.7581   2010.7577   389.00   388.89   388.33
   2010.7876   2010.7878   388.94   388.81   388.38
   2010.8334   2010.8344   388.72   388.93   388.46
   2010.8667   2010.8672   388.97   389.20   388.52
   2010.8723   2010.8727   389.37   389.24   388.53
   2010.9166   2010.9165   389.55   389.25   388.61
   2010.9569   2010.9576   388.60   388.87   388.68
   2011.0376   2011.0370   389.07   388.84   388.83
   2011.0834   2011.0835   388.72   388.89   388.93
   2011.1310   2011.1300   388.05   388.74   389.02
   2011.1666   2011.1656   388.80   388.65   389.10
   2011.2042   2011.2040   388.56   388.58   389.18
   2011.2500   2011.2505   388.43   388.59   389.29
   2011.2889   2011.2888   388.95   388.79   389.37
   2011.3334   2011.3326   388.93   389.08   389.48
   2011.3710   2011.3710   389.21   389.18   389.57
   2011.4166   2011.4175   389.27   389.26   389.69
   2011.4556   2011.4559   389.36   389.48   389.79
   2011.5000   2011.4997   389.86   389.86   389.90
   2011.5376   2011.5380   390.20   390.23   390.00
   2011.5834   2011.5845   390.52   390.65   390.13
   2011.6210   2011.6201   391.02   390.87   390.23
   2011.6666   2011.6667   390.87   391.01   390.37
   2011.7056   2011.7050   391.15   391.12   390.48
   2011.7500   2011.7488   391.27   391.24   390.61
   2011.7876   2011.7871   391.20   391.22   390.73
   2011.8362   2011.8364   391.07   391.09   390.88
   2011.8723   2011.8720   391.15   391.16   390.99
   2011.9193   2011.9185   391.44   391.41   391.13
   2011.9623   2011.9624   391.38   391.46   391.27
   2012.0054   2012.0062   391.42   391.23   391.41
   2012.0920   2012.0910   391.19   391.18   391.68
   2012.0948   2012.0938   391.23   391.19   391.69
   2012.1237   2012.1239   391.38   391.28   391.78
   2012.1666   2012.1677   391.20   391.30   391.92
   2012.2042   2012.2033   391.34   391.31   392.04
   2012.2528   2012.2526   391.51   391.53   392.19
   2012.2889   2012.2882   391.75   391.79   392.30
   2012.3710   2012.3703   392.39   392.34   392.56
   2012.4166   2012.4168   392.51   392.61   392.70
   2012.4556   2012.4552   392.89   392.84   392.81
   2012.5000   2012.4990   393.07   393.12   392.94
   2012.5403   2012.5400   393.39   393.40   393.05
   2012.5834   2012.5838   397.63   393.69   393.18
   2012.6210   2012.6222   393.91   393.89   393.28
   2012.6666   2012.6660   393.99   394.02   393.40
   2012.7083   2012.7070   394.06   394.05   393.50
   2012.7500   2012.7509   394.06   394.03   393.61
   2012.7876   2012.7864   393.99   394.03   393.70
   2012.8362   2012.8357   394.05   394.05   393.82
   2012.8806   2012.8795   399.48   394.07   393.92
   2012.9166   2012.9179   394.12   394.14   394.00
   2012.9596   2012.9589   394.24   394.24   394.09
   2013.0000   2013.0000   394.26   394.23   394.18
   2013.0376   2013.0383   394.12   394.14   394.26
   2013.1250   2013.1259   393.94   394.07   394.43
   2013.1666   2013.1670   394.12   393.95   394.51
   2013.2500   2013.2491   393.83   393.99   394.65
   2013.2889   2013.2902   394.36   394.16   394.73
   2013.3361   2013.3368   394.30   394.42   394.81
   2013.4166   2013.4162   395.37   394.96   394.94
   2013.4556   2013.4545   394.65   394.93   395.01
   2013.5000   2013.5010   394.92   394.90   395.09
   2013.5376   2013.5366   395.15   395.10   395.15
   2013.5834   2013.5832   395.43   395.50   395.23
   2013.6210   2013.6215   395.67   395.72   395.29
   2013.7056   2013.7064   395.86   395.93   395.45
   2013.7500   2013.7502   396.00   396.01   395.53
   2013.7876   2013.7885   396.13   396.08   395.60
   2013.8334   2013.8323   396.01   396.07   395.69
   2013.8723   2013.8734   396.06   396.00   395.77
   2013.9166   2013.9172   396.02   396.07   395.87
   2014.0027   2014.0021   396.44   396.24   396.06
   2014.0376   2014.0376   395.92   396.10   396.14
   2014.0863   2014.0869   395.97   395.92   396.26
   2014.1281   2014.1280   395.97   395.85   396.36
   2014.1666   2014.1663   395.61   395.82   396.46
   2014.2069   2014.2074   396.05   395.91   396.57
   2014.2500   2014.2512   395.97   396.14   396.69
   2014.2889   2014.2895   396.48   396.42   396.80
   2014.3334   2014.3333   396.71   396.82   396.92
   2014.3710   2014.3717   417.68   397.12   397.04
   2014.4166   2014.4155   397.44   397.25   397.17
   2014.4556   2014.4565   397.14   397.33   397.30
   2014.5000   2014.5003   398.55   397.65   397.44
   2014.5376   2014.5387   398.04   397.95   397.56
   2014.5861   2014.5852   397.96   398.04   397.71
   2014.6210   2014.6208   398.09   398.13   397.83
   2014.6666   2014.6674   398.50   398.47   397.98
   2014.7083   2014.7084   398.62   398.65   398.12
   2014.7500   2014.7495   398.57   398.57   398.26
   2014.7957   2014.7960   398.59   398.60   398.42
   2014.8334   2014.8344   398.71   398.74   398.55
   2014.8723   2014.8727   398.76   398.74   398.68
   2014.9193   2014.9192   398.66   398.66   398.83
   2014.9542   2014.9548   398.74   398.80   398.95
   2015.0215   2015.0205   399.07   398.90   399.17
   2015.0483   2015.0479   398.56   398.72   399.26
   2015.0807   2015.0808   398.62   398.59   399.37
   2015.1250   2015.1246   398.79   398.88   399.51
   2015.1666   2015.1656   399.27   399.25   399.64
   2015.2042   2015.2040   399.29   399.21   399.76
   2015.2528   2015.2533   398.94   399.04   399.91
   2015.2944   2015.2943   399.33   399.38   400.03
   2015.3334   2015.3326   399.85   399.92   400.14
   2015.3763   2015.3765   400.31   400.32   400.26
   2015.4141   2015.4148   400.62   400.46   400.37
   2015.4528   2015.4531   400.98   400.63   400.47
   2015.5000   2015.4997   400.86   400.91   400.59
   2015.5430   2015.5435   401.14   401.18   400.70
   2015.5834   2015.5845   401.44   401.43   400.80
   2015.6210   2015.6201   401.58   401.63   400.88
   2015.6694   2015.6694   401.78   401.80   400.99
   2015.7056   2015.7050   401.97   401.88   401.07
   2015.7500   2015.7488   401.86   402.02   401.17
   2015.7876   2015.7871   402.18   402.05   401.25
   2015.8334   2015.8337   401.84   401.85   401.34
   2015.8723   2015.8720   401.65   401.67   401.42
   2015.9166   2015.9158   401.59   401.59   401.50
   2015.9569   2015.9569   401.52   401.49   401.58
   2016.0834   2016.0828   401.80   401.60   401.80
   2016.1237   2016.1239   401.54   401.58   401.88
   2016.1666   2016.1677   401.27   401.35   401.95
   2016.2069   2016.2060   401.39   401.21   402.02
   2016.2500   2016.2498   401.09   401.25   402.10
   2016.2944   2016.2936   401.42   401.41   402.17
   2016.3763   2016.3758   401.72   401.82   402.32
   2016.4166   2016.4168   402.02   401.96   402.40
   2016.4556   2016.4552   402.05   402.08   402.47
   2016.5054   2016.5044   402.36   402.40   402.56
   2016.5376   2016.5373   474.93   402.68   402.62
   2016.5834   2016.5838   403.05   403.01   402.71
   2016.6210   2016.6222   403.16   403.23   402.79
   2016.6666   2016.6660   403.49   403.47   402.88
   2016.7056   2016.7043   403.62   403.62   402.96
   2016.7500   2016.7509   403.71   403.69   403.06
   2016.7903   2016.7892   403.67   403.70   403.15
   2016.8334   2016.8330   413.57   403.70   403.24
   2016.8806   2016.8795   413.80   403.71   403.35
   2016.9274   2016.9261   403.74   403.78   403.46
   2016.9677   2016.9671   403.93   403.89   403.56
